image is 10 columns by 12 rows
Displaying horizontal seam calculated.
 195705   195705   195705   195705   195705   195705   195705   195705   195705   195705  
 195705    57896    85720   102741    34430    93403    25502    26120   134498   195705  
 195705    61287    57183    38233   156907    40535   130638    18883   134961   195705  
 195705    54629   107054    60764    88253    26352    98179    47334    28427   195705  
 195705    90253    82713    25654    40974    33631    65269    34274    75112   195705  
 195705    29595   110853    96663    68427    65745   113316    43611    86750   195705  
 195705    50893    93407    65043    84261   109499    28513    94046    95309   195705  
 195705    36515    92404   127938   106258    36155   159388    23830    44592   195705  
[195705]   49322    87505    90079    36873   155102    30337    91035    93055  [195705] 
 195705  [ 49404]   43495    76943    84954  [ 14932]   93853    91557  [ 22531]  195705  
 195705    52430  [ 26203] [ 25559] [ 67144]   70582  [ 14341] [ 34267]   67579   195705  
 195705   195705   195705   195705   195705   195705   195705   195705   195705   195705  

Total energy: 645791

Displaying vertical seam calculated.
 195705   195705   195705   195705   195705  [195705]  195705   195705   195705   195705  
 195705    57896    85720   102741    34430    93403  [ 25502]   26120   134498   195705  
 195705    61287    57183    38233   156907    40535   130638  [ 18883]  134961   195705  
 195705    54629   107054    60764    88253    26352    98179    47334  [ 28427]  195705  
 195705    90253    82713    25654    40974    33631    65269  [ 34274]   75112   195705  
 195705    29595   110853    96663    68427    65745   113316  [ 43611]   86750   195705  
 195705    50893    93407    65043    84261   109499  [ 28513]   94046    95309   195705  
 195705    36515    92404   127938   106258    36155   159388  [ 23830]   44592   195705  
 195705    49322    87505    90079    36873   155102  [ 30337]   91035    93055   195705  
 195705    49404    43495    76943    84954  [ 14932]   93853    91557    22531   195705  
 195705    52430    26203    25559    67144    70582  [ 14341]   34267    67579   195705  
 195705   195705   195705   195705   195705  [195705]  195705   195705   195705   195705  

Total energy: 654060

