image is 3 columns by 7 rows
Displaying horizontal seam calculated.
 195705   195705   195705  
[195705]   86627  [195705] 
 195705  [ 55775]  195705  
 195705   105720   195705  
 195705    63180   195705  
 195705    78196   195705  
 195705   195705   195705  

Total energy: 447185

Displaying vertical seam calculated.
[195705]  195705   195705  
 195705  [ 86627]  195705  
 195705  [ 55775]  195705  
 195705  [105720]  195705  
 195705  [ 63180]  195705  
 195705  [ 78196]  195705  
[195705]  195705   195705  

Total energy: 780908

