image is 4 columns by 6 rows
Displaying horizontal seam calculated.
 195705   195705   195705  [195705] 
[195705]   75990  [ 30003]  195705  
 195705  [ 30002]  103046   195705  
 195705    29515    38273   195705  
 195705    73403    35399   195705  
 195705   195705   195705   195705  

Total energy: 451415

Displaying vertical seam calculated.
 195705  [195705]  195705   195705  
 195705    75990  [ 30003]  195705  
 195705  [ 30002]  103046   195705  
 195705  [ 29515]   38273   195705  
 195705    73403  [ 35399]  195705  
 195705  [195705]  195705   195705  

Total energy: 516329

