image is 5 columns by 6 rows
Displaying horizontal seam calculated.
 195705   195705   195705   195705   195705  
 195705    90043    70399    83908   195705  
[195705]   97309  [  8903]   95856  [195705] 
 195705  [ 87312]   97567  [ 37387]  195705  
 195705    69888    46867    89661   195705  
 195705   195705   195705   195705   195705  

Total energy: 525012

Displaying vertical seam calculated.
 195705  [195705]  195705   195705   195705  
 195705    90043  [ 70399]   83908   195705  
 195705    97309  [  8903]   95856   195705  
 195705    87312    97567  [ 37387]  195705  
 195705    69888  [ 46867]   89661   195705  
 195705  [195705]  195705   195705   195705  

Total energy: 554966

