image is 6 columns by 5 rows
Displaying horizontal seam calculated.
 195705   195705   195705   195705   195705   195705  
 195705    23346    51304    31519    55112  [195705] 
[195705]   47908    61346    35919  [ 38887]  195705  
 195705  [ 31400] [ 37927] [ 14437]   63076   195705  
 195705   195705   195705   195705   195705   195705  

Total energy: 514061

Displaying vertical seam calculated.
 195705   195705  [195705]  195705   195705   195705  
 195705    23346    51304  [ 31519]   55112   195705  
 195705    47908    61346  [ 35919]   38887   195705  
 195705    31400    37927  [ 14437]   63076   195705  
 195705   195705  [195705]  195705   195705   195705  

Total energy: 473285

