image is 7 columns by 3 rows
Displaying horizontal seam calculated.
[195705]  195705   195705   195705   195705   195705  [195705] 
 195705  [ 56224] [ 72240] [ 47940] [ 70370] [ 85479]  195705  
 195705   195705   195705   195705   195705   195705   195705  

Total energy: 723663

Displaying vertical seam calculated.
 195705   195705  [195705]  195705   195705   195705   195705  
 195705    56224    72240  [ 47940]   70370    85479   195705  
 195705   195705  [195705]  195705   195705   195705   195705  

Total energy: 439350

