1 1
1 2
1 5
1 6
1 7
1 3
1 8
1 4
2 7646
2 7647
2 3019
2 7648
2 7649
2 7650
2 7700
2 7651
2 7652
3 1596
5 1
5 9
5 10
5 11
5 12
5 13
5 14
5 15
5 16
5 17
5 18
5 19
5 7
5 8
6 1
6 20
6 12
6 13
6 21
6 22
6 23
6 24
6 25
6 7
6 8
7 1
7 5
7 26
7 27
7 23
7 28
7 29
7 30
7 18
7 31
7 32
7 8
8 1
8 5
8 33
8 34
8 35
8 21
8 36
8 37
8 32
8 7
9 1107
9 1108
9 1109
9 21
9 1110
9 1111
9 9350
9 1112
9 1113
10 1
10 555
10 5
10 26
10 12
10 13
10 27
10 4816
10 1168
10 23
10 28
10 24
10 17
10 1169
10 29
10 1170
10 1171
10 4784
10 30
10 18
10 19
10 32
10 7
10 8
11 5
11 5323
11 9
11 10
11 1172
11 5331
11 3113
11 6269
11 1173
11 6456
11 21
11 14
11 22
11 1692
11 299
11 24
11 15
11 3869
11 1174
11 1169
11 5355
11 1175
11 1170
11 1176
11 619
11 32
11 308
11 7
11 8
11 1177
12 1
12 5
12 8265
12 1178
12 1179
12 7
12 8
13 1
13 5
13 10
13 1180
13 3195
13 1181
13 4807
13 16
13 1182
13 8254
13 3205
13 1183
13 1184
13 19
13 7
13 8
14 1185
15 4770
15 4795
15 1186
15 1187
15 4771
15 21
15 22
15 23
15 4773
15 4775
15 4776
16 1
16 5
16 29
16 7
16 8
17 1
17 5
17 2158
17 11
17 1188
17 1692
17 3869
17 9350
17 7
17 8
18 1
18 5
18 4812
18 4790
18 4813
18 4814
18 4815
18 4816
18 4817
18 4818
18 4819
18 4820
18 4821
18 4822
18 4789
18 1113
18 7
18 8
19 1
19 5
19 7
19 8
20 1
20 10
20 26
20 12
20 13
20 27
20 21
20 22
20 23
20 28
20 25
20 4784
20 18
20 19
20 7
20 8
22 8807
22 8808
22 8809
22 8810
22 8811
23 1
23 5
23 4785
23 4786
23 4787
23 4788
23 4789
23 7
23 8
24 1
24 5
24 3368
24 3369
24 3370
24 3371
24 4821
24 4673
24 1169
24 1170
24 1176
24 1113
24 32
24 7
24 3372
24 8
25 1
25 10
25 20
25 26
25 170
25 2158
25 12
25 13
25 21
25 22
25 1188
25 23
25 28
25 3869
25 4784
25 19
25 7
25 8
26 1
26 5
26 9
26 10
26 8031
26 787
26 1172
26 8032
26 3113
26 789
26 8033
26 6456
26 27
26 4816
26 24
26 5785
26 8034
26 9350
26 1169
26 29
26 1170
26 1171
26 30
26 5314
26 18
26 31
26 7
26 7779
26 8
27 1
27 5
27 2282
27 2283
27 5331
27 2284
27 2285
27 2286
27 2287
27 2288
27 270
27 2289
27 2290
27 2291
27 7
27 8
28 1
28 555
28 5
28 10
28 8031
28 787
28 1172
28 8032
28 1178
28 8033
28 3369
28 27
28 4816
28 8037
28 1692
28 24
28 8034
28 1169
28 1179
28 29
28 8038
28 1170
28 1171
28 30
28 5314
28 18
28 31
28 32
28 7
28 8
29 1
29 5
29 2283
29 5331
29 8040
29 8041
29 27
29 8042
29 8043
29 8044
29 18
29 7
29 8
30 1
30 5
30 8050
30 3368
30 8051
30 8052
30 8053
30 8054
30 8055
30 8056
30 8057
30 8058
30 8059
30 8060
30 8061
30 32
30 7
30 3372
30 8
31 1
31 5
31 10
31 8031
31 1172
31 8032
31 4790
31 1178
31 8269
31 2158
31 8033
31 3369
31 1482
31 27
31 1168
31 22
31 8037
31 9442
31 3195
31 299
31 23
31 7544
31 24
31 4172
31 8034
31 2827
31 6665
31 1169
31 6643
31 8254
31 8276
31 1179
31 1170
31 8279
31 18
31 32
31 7
31 7779
31 8
31 1177
32 1
32 5
32 9
32 10
32 5331
32 2297
32 21
32 22
32 23
32 24
32 3869
32 5395
32 6665
32 871
32 7
33 432
33 433
33 8665
33 434
33 435
34 1
34 5
34 32
34 7
34 8
35 1
35 5
35 32
35 7
35 8
36 1
36 5
36 9498
36 32
36 7
36 8
38 39
38 40
38 41
38 42
38 43
38 44
38 45
38 46
38 47
38 48
40 38
40 39
40 49
40 50
40 51
40 41
40 52
40 42
40 53
40 54
40 55
40 56
40 57
40 58
40 59
40 60
40 43
40 44
40 61
40 62
40 45
40 63
40 46
40 64
40 65
40 66
40 67
40 68
40 47
40 48
41 69
41 70
41 71
41 72
41 73
41 74
41 75
41 76
41 77
41 78
41 79
41 80
41 81
41 82
41 83
41 84
41 85
41 86
41 87
41 88
41 89
41 90
41 91
41 92
42 38
42 39
42 49
42 40
42 93
42 41
42 52
42 54
42 94
42 55
42 56
42 57
42 43
42 44
42 95
42 45
42 46
42 64
42 96
42 97
42 68
42 47
42 48
43 38
43 39
43 40
43 41
43 52
43 42
43 94
43 57
43 44
43 95
43 45
43 46
43 96
43 67
43 68
43 47
43 48
44 38
44 39
44 49
44 50
44 51
44 40
44 93
44 41
44 52
44 42
44 53
44 94
44 57
44 58
44 60
44 43
44 61
44 62
44 45
44 63
44 46
44 96
44 65
44 47
44 48
45 98
45 39
45 99
45 40
45 41
45 42
45 100
45 101
45 102
45 103
45 104
45 43
45 44
45 105
45 106
45 107
45 46
45 108
45 47
45 48
45 109
46 38
46 39
46 49
46 50
46 51
46 40
46 93
46 41
46 52
46 42
46 53
46 54
46 94
46 55
46 56
46 57
46 58
46 59
46 60
46 43
46 44
46 61
46 62
46 95
46 45
46 63
46 64
46 96
46 65
46 66
46 97
46 67
46 68
46 47
46 48
47 38
47 39
47 49
47 50
47 51
47 40
47 93
47 41
47 52
47 42
47 53
47 54
47 57
47 58
47 60
47 43
47 44
47 61
47 62
47 95
47 45
47 63
47 46
47 96
47 66
47 97
47 48
48 39
48 50
48 51
48 40
48 93
48 41
48 52
48 42
48 53
48 58
48 60
48 43
48 44
48 62
48 95
48 45
48 63
48 46
48 65
48 47
49 39
49 40
49 41
49 42
49 43
49 44
49 45
49 46
49 47
49 48
50 39
50 40
50 41
50 42
50 43
50 44
50 45
50 46
50 47
50 48
51 2491
51 39
51 5335
51 9989
51 5265
51 40
51 41
51 266
51 42
51 2492
51 560
51 43
51 44
51 45
51 4941
51 46
51 3150
51 47
51 48
52 39
52 40
52 41
52 42
52 54
52 43
52 44
52 45
52 46
52 96
52 47
52 48
53 39
53 40
53 41
53 8358
53 42
53 7393
53 43
53 44
53 45
53 1824
53 46
53 8394
53 47
53 48
53 9998
54 8663
54 39
54 8670
54 8671
54 40
54 41
54 42
54 8668
54 43
54 44
54 45
54 8672
54 46
54 8673
54 47
54 48
55 39
55 3515
55 40
55 41
55 3516
55 3517
55 42
55 43
55 44
55 45
55 46
55 3518
55 47
55 48
56 39
56 40
56 41
56 42
56 5244
56 43
56 44
56 45
56 46
56 66
56 47
56 48
57 39
57 40
57 41
57 42
57 43
57 44
57 45
57 46
57 47
57 48
58 39
58 40
58 41
58 42
58 43
58 44
58 45
58 46
58 47
58 48
59 39
59 40
59 41
59 42
59 43
59 44
59 45
59 46
59 66
59 47
59 48
60 39
60 40
60 41
60 42
60 43
60 44
60 61
60 45
60 63
60 46
60 47
60 48
61 39
61 6627
61 40
61 41
61 52
61 42
61 57
61 6629
61 43
61 8383
61 44
61 45
61 46
61 97
61 47
61 48
62 237
62 39
62 40
62 41
62 42
62 4694
62 7800
62 4698
62 43
62 44
62 45
62 46
62 4706
62 47
62 48
63 39
63 40
63 41
63 42
63 43
63 44
63 45
63 46
63 47
63 48
64 39
64 40
64 41
64 42
64 56
64 59
64 43
64 44
64 45
64 46
64 66
64 47
64 48
65 3374
65 3403
65 41
65 4707
65 3404
66 39
66 40
66 41
66 42
66 57
66 43
66 44
66 45
66 46
66 5264
66 47
66 48
67 39
67 40
67 41
67 42
67 43
67 44
67 45
67 46
67 47
67 48
68 39
68 40
68 41
68 1163
68 42
68 1164
68 43
68 44
68 1165
68 45
68 1166
68 46
68 47
68 48
69 70
69 4682
69 71
69 4441
69 72
69 5488
69 73
69 76
69 4694
69 77
69 78
69 79
69 9922
69 80
69 4698
69 5072
69 83
69 84
69 9923
69 87
69 88
69 8394
69 89
69 4706
69 9924
69 91
70 71
70 41
70 9925
71 69
71 70
71 9926
71 9927
71 72
71 73
71 40
71 76
71 52
71 9928
71 54
71 6623
71 9929
71 77
71 9930
71 1841
71 78
71 79
71 6629
71 80
71 8383
71 83
71 9931
71 84
71 9932
71 87
71 1453
71 88
71 9933
71 7824
71 89
71 108
71 91
72 8366
72 8367
72 8368
72 8369
72 8370
72 6627
72 40
72 8371
72 8372
72 6628
72 8373
72 8374
72 8375
72 8376
72 8377
72 2661
72 8378
72 8379
72 80
72 8380
72 8381
72 82
72 8361
72 8382
72 8383
72 8384
72 4729
72 6630
72 8385
72 5421
72 8386
72 8387
72 3491
72 8388
72 8389
72 8390
72 8391
72 8392
72 8393
72 88
72 8394
72 8395
72 5290
73 69
73 70
73 71
73 72
73 76
73 77
73 4975
73 78
73 79
73 80
73 9937
73 83
73 9938
73 84
73 87
73 88
73 89
73 91
74 4110
74 41
74 4111
74 4112
74 4113
74 4114
74 4115
74 4116
74 4117
74 4118
75 41
75 6836
76 69
76 70
76 71
76 9939
76 5374
76 72
76 9940
76 73
76 6628
76 9941
76 6623
76 6640
76 77
76 5378
76 78
76 79
76 8379
76 80
76 83
76 5267
76 689
76 9942
76 84
76 705
76 87
76 1453
76 88
76 89
76 108
76 91
77 69
77 70
77 7809
77 71
77 5374
77 72
77 73
77 76
77 9941
77 7847
77 78
77 79
77 80
77 8383
77 83
77 84
77 9932
77 87
77 88
77 89
77 91
78 2691
78 69
78 70
78 9943
78 71
78 9944
78 3497
78 72
78 73
78 6625
78 2656
78 76
78 8358
78 9945
78 9946
78 7393
78 3490
78 77
78 8376
78 987
78 9947
78 2661
78 6878
78 79
78 9948
78 80
78 5245
78 6578
78 9949
78 83
78 84
78 5416
78 9950
78 7712
78 5421
78 3491
78 4968
78 87
78 9951
78 8021
78 88
78 8394
78 89
78 5290
78 5289
78 91
78 9952
79 69
79 70
79 9953
79 71
79 9954
79 5265
79 9955
79 72
79 6627
79 73
79 74
79 40
79 9956
79 76
79 8358
79 9945
79 9957
79 7393
79 4694
79 77
79 9958
79 78
79 80
79 82
79 9959
79 8383
79 83
79 84
79 5416
79 9932
79 9960
79 9961
79 87
79 88
79 8394
79 89
79 6626
79 9962
79 91
80 9965
80 9966
80 41
80 9967
80 9968
80 9969
80 9970
80 6626
81 74
81 41
81 122
82 8368
82 1729
82 1730
82 41
82 6865
82 1731
82 1732
82 1733
82 2661
82 1734
82 1735
82 5421
82 1736
82 1737
82 1738
82 9952
83 69
83 70
83 7807
83 9987
83 71
83 9988
83 9989
83 9990
83 72
83 73
83 93
83 76
83 7402
83 52
83 9991
83 9992
83 6640
83 9993
83 77
83 5378
83 78
83 79
83 80
83 9994
83 9995
83 9942
83 84
83 4446
83 9996
83 9997
83 87
83 88
83 89
83 9998
83 91
84 69
84 70
84 71
84 9955
84 72
84 73
84 76
84 77
84 78
84 79
84 80
84 83
84 87
84 88
84 89
84 9962
84 91
85 74
85 41
86 41
86 81
86 5827
87 69
87 70
87 71
87 72
87 73
87 76
87 77
87 78
87 79
87 80
87 83
87 84
87 88
87 89
87 9962
87 91
88 69
88 9999
88 70
88 71
88 72
88 73
88 9956
88 76
88 9957
88 77
88 0
88 78
88 79
88 80
88 8383
88 83
88 84
88 5416
88 9961
88 87
88 89
88 91
89 69
89 70
89 4682
89 71
89 5265
89 4441
89 4104
89 72
89 73
89 76
89 7393
89 6623
89 4707
89 77
89 1
89 78
89 79
89 80
89 2
89 8383
89 6578
89 83
89 5267
89 8384
89 84
89 7712
89 7821
89 8630
89 3491
89 8631
89 4968
89 87
89 1453
89 8739
89 8393
89 88
89 690
89 108
89 8637
89 91
90 69
90 70
90 71
90 72
90 73
90 6625
90 76
90 77
90 78
90 79
90 80
90 83
90 84
90 87
90 88
90 89
90 91
91 69
91 70
91 9953
91 15
91 71
91 16
91 17
91 18
91 72
91 19
91 73
91 76
91 77
91 20
91 78
91 79
91 8747
91 711
91 80
91 83
91 21
91 3376
91 84
91 3377
91 22
91 5485
91 23
91 7336
91 87
91 88
91 9985
91 89
91 3378
91 8745
91 8305
92 5822
92 41
92 6628
92 8502
92 987
92 9958
92 5823
92 5824
92 5825
92 5826
92 5827
92 5828
92 5829
93 39
93 40
93 41
93 42
93 43
93 44
93 45
93 46
93 47
93 48
94 39
94 1830
94 40
94 41
94 42
94 43
94 44
94 45
94 46
94 47
94 48
95 39
95 40
95 41
95 42
95 43
95 44
95 45
95 46
95 47
95 48
96 39
96 40
96 41
96 42
96 94
96 43
96 44
96 45
96 46
96 47
96 48
97 39
97 40
97 41
97 42
97 43
97 44
97 45
97 46
97 47
97 48
98 39
98 4693
98 40
98 41
98 42
98 5250
98 57
98 43
98 44
98 45
98 46
98 64
98 47
98 48
99 39
99 40
99 41
99 42
99 5250
99 57
99 43
99 44
99 45
99 46
99 64
99 47
99 48
100 2824
100 39
100 40
100 41
100 42
100 5250
100 7407
100 57
100 7408
100 43
100 44
100 45
100 46
100 64
100 47
100 48
101 39
101 4169
101 40
101 41
101 42
101 5250
101 57
101 43
101 44
101 45
101 46
101 64
101 3769
101 47
101 48
102 39
102 40
102 41
102 42
102 5250
102 57
102 3250
102 43
102 44
102 45
102 46
102 64
102 47
102 48
102 3249
103 39
103 40
103 41
103 42
103 93
103 5250
103 57
103 5263
103 43
103 44
103 45
103 46
103 64
103 47
103 48
104 39
104 40
104 41
104 42
104 5250
104 57
104 43
104 44
104 7467
104 45
104 46
104 64
104 5261
104 47
104 48
105 39
105 40
105 41
105 5282
105 42
105 5250
105 57
105 43
105 44
105 817
105 45
105 46
105 64
105 47
105 48
106 39
106 40
106 41
106 42
106 5250
106 57
106 6902
106 43
106 44
106 45
106 46
106 64
106 4210
106 47
106 48
107 39
107 40
107 41
107 42
107 5250
107 5294
107 3771
107 57
107 43
107 44
107 45
107 46
107 64
107 47
107 48
109 39
109 6387
109 40
109 41
109 42
109 5250
109 57
109 43
109 44
109 45
109 4688
109 6388
109 46
109 64
109 47
109 48
110 111
110 112
110 113
110 114
110 115
110 116
110 117
110 118
110 119
110 120
110 121
111 110
111 112
111 113
111 114
111 115
111 116
111 122
111 123
111 124
111 125
111 117
111 118
111 119
111 120
111 126
111 121
111 127
112 110
112 111
112 113
112 114
112 115
112 116
112 117
112 118
112 119
112 120
112 121
113 110
113 111
113 112
113 114
113 115
113 116
113 117
113 118
113 119
113 120
113 121
114 110
114 111
114 112
114 113
114 115
114 116
114 122
114 123
114 124
114 125
114 117
114 118
114 119
114 120
114 126
114 121
114 127
115 110
115 111
115 112
115 128
115 113
115 114
115 129
115 116
115 117
115 118
115 119
115 120
115 121
116 110
116 111
116 112
116 113
116 114
116 115
116 117
116 118
116 119
116 120
116 121
117 110
117 111
117 112
117 113
117 114
117 115
117 116
117 118
117 119
117 120
117 130
117 131
117 121
118 110
118 111
118 112
118 113
118 114
118 115
118 116
118 117
118 119
118 120
118 121
118 132
119 133
119 134
119 135
119 136
119 137
119 138
119 139
119 140
119 141
119 142
119 143
119 144
119 145
119 146
119 147
119 148
119 149
119 150
119 151
119 152
119 153
119 154
120 110
120 155
120 111
120 156
120 112
120 157
120 113
120 114
120 115
120 116
120 117
120 118
120 119
120 158
120 159
120 121
120 160
120 161
121 110
121 111
121 112
121 113
121 114
121 115
121 116
121 117
121 118
121 119
121 120
122 110
122 111
122 112
122 113
122 114
122 115
122 116
122 117
122 118
122 119
122 120
122 121
123 110
123 111
123 112
123 113
123 114
123 115
123 116
123 117
123 118
123 119
123 120
123 121
124 110
124 111
124 112
124 113
124 114
124 115
124 116
124 117
124 118
124 119
124 120
124 121
125 110
125 111
125 1350
125 112
125 113
125 114
125 115
125 1351
125 116
125 117
125 118
125 119
125 120
125 121
126 110
126 111
126 112
126 113
126 114
126 115
126 116
126 117
126 118
126 119
126 120
126 121
127 110
127 111
127 112
127 113
127 114
127 115
127 116
127 117
127 118
127 119
127 120
127 121
128 110
128 111
128 112
128 113
128 114
128 115
128 116
128 117
128 118
128 119
128 120
128 121
129 110
129 111
129 112
129 113
129 114
129 115
129 116
129 117
129 118
129 119
129 120
129 121
130 110
130 111
130 112
130 113
130 114
130 115
130 116
130 117
130 118
130 119
130 120
130 121
131 110
131 111
131 112
131 113
131 114
131 115
131 116
131 117
131 118
131 119
131 120
131 121
132 110
132 111
132 112
132 113
132 114
132 115
132 116
132 117
132 118
132 119
132 120
132 121
133 135
133 136
133 138
133 139
133 119
133 145
133 5855
133 147
133 4047
133 152
133 4048
134 119
135 7963
135 7964
135 7965
135 7966
135 7967
135 7968
135 119
135 5855
135 7969
135 7970
135 7971
135 7972
135 7973
135 7974
135 7975
135 7976
135 7977
136 133
136 4049
136 9792
136 135
136 9793
136 4050
136 138
136 139
136 9798
136 4051
136 9800
136 9802
136 2952
136 4052
136 2953
136 5141
136 2956
136 9815
136 9816
136 144
136 3248
136 119
136 4053
136 145
136 9836
136 5855
136 147
136 4054
136 9844
136 151
136 9847
136 3033
136 3022
136 9849
136 4055
136 152
136 4056
136 3020
137 647
137 648
138 2971
138 2972
138 2973
138 2974
138 2975
138 2976
138 2977
138 2978
138 2979
138 2980
138 2981
138 2982
138 2983
138 2984
138 119
138 2985
138 147
138 2986
138 2987
138 2988
138 2989
139 1112
139 1113
139 1114
139 1115
139 135
139 1116
139 1117
139 1118
139 119
139 1119
139 1120
139 1121
139 5855
139 1122
139 1123
139 1124
139 1125
139 1126
139 1127
139 1128
140 7638
140 2947
140 9790
140 2245
140 9791
140 9792
140 135
140 9793
140 6791
140 9794
140 335
140 2247
140 9795
140 137
140 9796
140 139
140 9797
140 9798
140 9799
140 9800
140 2950
140 9801
140 9802
140 9803
140 2951
140 9804
140 3055
140 9805
140 9806
140 2952
140 9807
140 9808
140 2953
140 9809
140 141
140 9810
140 9811
140 9812
140 9813
140 9814
140 5141
140 9815
140 9816
140 9817
140 9818
140 9819
140 9820
140 9821
140 9822
140 9823
140 9824
140 9825
140 9826
140 9827
140 144
140 4944
140 9828
140 9829
140 9830
140 119
140 2958
140 9831
140 9832
140 9833
140 7640
140 9834
140 7647
140 9835
140 9836
140 9837
140 5855
140 9838
140 9839
140 9840
140 9841
140 149
140 9842
140 9843
140 9844
140 2962
140 2255
140 7650
140 151
140 9845
140 9846
140 9847
140 3033
140 9848
140 3022
140 9849
140 9850
140 9851
140 2967
140 9852
140 9853
140 9854
140 9855
140 9856
140 9857
140 3020
140 7655
140 5850
141 1566
141 2393
141 135
141 2384
141 137
141 2403
141 139
141 7996
141 140
141 3091
141 651
141 652
141 2976
141 653
141 654
141 655
141 2388
141 656
141 657
141 658
141 659
141 7981
141 144
141 660
141 661
141 119
141 662
141 663
141 5855
141 664
141 665
141 149
141 9843
141 435
141 150
141 7972
141 151
141 2965
141 7982
141 7962
141 5850
142 1350
142 119
142 3020
143 661
143 119
144 7642
144 668
144 135
144 137
144 139
144 140
144 1428
144 7643
144 669
144 670
144 7644
144 671
144 141
144 7645
144 6797
144 672
144 7646
144 673
144 119
144 2959
144 674
144 7640
144 7648
144 2253
144 7649
144 5855
144 149
144 2355
144 151
144 7651
144 7652
144 4056
144 7653
144 7654
144 7656
144 7657
144 675
145 133
145 4057
145 135
145 136
145 138
145 139
145 4058
145 4059
145 2955
145 119
145 5855
145 147
145 7979
145 152
146 135
146 7965
146 5452
146 2559
146 119
146 2560
146 5855
146 2561
147 133
147 3041
147 135
147 136
147 138
147 139
147 3042
147 3043
147 3044
147 3045
147 3046
147 2982
147 119
147 145
147 5855
147 3047
147 152
147 3048
148 133
148 135
148 136
148 138
148 139
148 142
148 143
148 119
148 145
148 5855
148 147
148 149
148 152
148 153
149 3198
149 678
149 679
149 680
149 681
149 682
149 683
149 135
149 684
149 685
149 686
149 2384
149 137
149 687
149 2403
149 139
149 140
149 688
149 3092
149 689
149 2973
149 690
149 653
149 654
149 691
149 692
149 693
149 4052
149 694
149 695
149 696
149 697
149 698
149 141
149 656
149 699
149 700
149 657
149 701
149 2956
149 702
149 3209
149 703
149 704
149 7981
149 705
149 706
149 143
149 144
149 119
149 707
149 708
149 709
149 710
149 711
149 5855
149 712
149 713
149 2963
149 2986
149 435
149 151
149 714
149 2965
149 715
149 3064
149 716
149 717
149 2966
149 7982
149 718
149 719
149 720
149 153
149 5850
151 8946
151 8947
151 134
151 8948
151 8940
151 8949
151 8950
151 3045
151 119
151 8944
151 8945
151 8951
152 133
152 135
152 136
152 138
152 139
152 119
152 145
152 5855
152 147
153 4766
153 9278
153 4768
153 4777
153 9279
153 4783
153 4786
153 9281
153 119
153 9282
153 4788
153 4790
154 133
154 135
154 4050
154 723
154 8864
154 136
154 138
154 139
154 2643
154 9818
154 142
154 143
154 119
154 145
154 5855
154 147
154 149
154 7650
154 150
154 152
154 9853
154 5675
155 110
155 111
155 112
155 113
155 114
155 115
155 116
155 117
155 118
155 119
155 120
155 121
156 110
156 111
156 112
156 113
156 114
156 115
156 116
156 117
156 118
156 119
156 120
156 121
157 110
157 111
157 112
157 113
157 114
157 115
157 116
157 117
157 118
157 119
157 120
157 121
158 110
158 111
158 112
158 113
158 114
158 115
158 116
158 117
158 118
158 119
158 120
158 121
159 110
159 111
159 112
159 113
159 114
159 115
159 116
159 117
159 118
159 119
159 120
159 121
160 110
160 111
160 112
160 113
160 114
160 115
160 116
160 117
160 118
160 119
160 120
160 121
161 110
161 111
161 112
161 113
161 114
161 115
161 116
161 117
161 118
161 119
161 120
161 121
162 163
162 164
162 165
162 166
162 167
162 168
162 169
163 162
163 164
163 165
163 166
163 167
163 168
163 169
164 162
164 163
164 165
164 170
164 166
164 167
164 168
164 169
165 162
165 163
165 164
165 166
165 167
165 168
165 169
166 171
166 172
166 173
166 174
166 175
166 176
166 177
166 178
166 179
166 180
166 181
166 182
166 183
166 184
166 185
166 186
166 187
166 188
166 189
166 190
166 191
166 192
166 193
166 194
166 195
166 196
167 197
167 165
167 198
167 199
167 200
167 201
167 166
167 202
167 203
167 204
167 205
167 206
167 207
167 208
167 209
167 210
167 211
167 212
167 213
167 196
168 162
168 163
168 164
168 165
168 166
168 167
168 169
169 162
169 163
169 164
169 165
169 166
169 167
169 168
170 200
170 166
170 550
170 2456
170 202
170 9579
170 9583
170 2457
170 2458
170 2175
170 2756
170 167
170 212
170 2247
170 2165
170 41
170 196
171 8827
171 9560
171 172
171 173
171 175
171 3099
171 176
171 177
171 3090
171 166
171 3683
171 9576
171 3604
171 13
171 178
171 2596
171 9586
171 3810
171 2597
171 2598
171 180
171 182
171 183
171 9598
171 2205
171 6805
171 184
171 2599
171 186
171 187
171 2600
171 825
171 2190
171 189
171 2601
171 3618
171 190
171 2799
171 2602
171 8914
171 191
171 192
171 9620
171 9621
171 193
171 2603
171 6530
171 5239
171 195
172 9556
172 171
172 2604
172 9561
172 173
172 2605
172 2606
172 175
172 176
172 177
172 2607
172 166
172 9687
172 5045
172 3802
172 6527
172 9582
172 178
172 180
172 182
172 183
172 9597
172 5014
172 2189
172 184
172 8924
172 186
172 187
172 9608
172 2608
172 9611
172 189
172 2609
172 190
172 2192
172 2620
172 191
172 2610
172 192
172 2255
172 193
172 2611
172 9685
172 3629
172 5239
172 195
172 835
172 2612
173 166
173 1945
175 2211
175 171
175 59
175 172
175 173
175 2826
175 174
175 176
175 5561
175 177
175 3983
175 58
175 166
175 9410
175 2613
175 5045
175 2614
175 13
175 178
175 2615
175 6812
175 2616
175 1652
175 1400
175 180
175 182
175 9415
175 1666
175 5074
175 183
175 1668
175 9698
175 184
175 6818
175 6614
175 186
175 187
175 2617
175 9609
175 9610
175 189
175 7065
175 190
175 191
175 192
175 6457
175 6797
175 2165
175 4496
175 6056
175 193
175 1042
175 3666
175 2195
175 5239
175 195
176 9686
176 6716
176 3662
176 171
176 5015
176 172
176 173
176 2618
176 2619
176 9563
176 7296
176 198
176 174
176 3585
176 6057
176 175
176 3682
176 3099
176 61
176 2620
176 177
176 3214
176 3090
176 2621
176 166
176 2202
176 9580
176 2622
176 9581
176 178
176 9583
176 2827
176 6626
176 8409
176 2623
176 6617
176 2624
176 9590
176 3685
176 180
176 6145
176 182
176 6528
176 183
176 184
176 9601
176 2625
176 4701
176 186
176 187
176 3086
176 189
176 9097
176 190
176 3109
176 9619
176 19
176 2796
176 562
176 191
176 192
176 3408
176 72
176 2626
176 193
176 2627
176 194
176 2628
176 2629
176 6121
176 5239
176 195
177 171
177 3098
177 2630
177 172
177 173
177 3514
177 175
177 176
177 7567
177 2797
177 115
177 9572
177 166
177 2631
177 2659
177 178
177 2615
177 180
177 4972
177 206
177 182
177 183
177 184
177 2632
177 186
177 187
177 2633
177 189
177 190
177 2192
177 3082
177 2634
177 6633
177 2635
177 2636
177 191
177 192
177 9621
177 2626
177 6065
177 193
177 5239
177 195
178 9683
178 171
178 172
178 173
178 2639
178 175
178 176
178 177
178 2640
178 166
178 4495
178 9574
178 9333
178 401
178 2641
178 4869
178 180
178 6372
178 182
178 183
178 2642
178 5965
178 184
178 2632
178 3661
178 3266
178 2643
178 186
178 187
178 9402
178 188
178 189
178 2644
178 190
178 9616
178 19
178 2193
178 2645
178 191
178 192
178 6457
178 193
178 5239
178 195
179 166
179 814
179 5217
179 5218
180 171
180 3081
180 2658
180 9409
180 172
180 173
180 2605
180 174
180 9564
180 175
180 176
180 177
180 3983
180 2659
180 166
180 3100
180 2660
180 78
180 9578
180 2614
180 178
180 6925
180 2188
180 2203
180 1652
180 2598
180 2204
180 1945
180 182
180 183
180 22
180 2205
180 184
180 2251
180 2275
180 186
180 9606
180 187
180 3755
180 2190
180 2798
180 9688
180 189
180 9615
180 6139
180 190
180 3984
180 3085
180 191
180 192
180 4496
180 3110
180 1443
180 193
180 3718
180 2661
180 5239
180 195
181 6130
181 171
181 172
181 173
181 3585
181 175
181 176
181 177
181 166
181 2614
181 178
181 2596
181 6380
181 2598
181 180
181 182
181 183
181 814
181 3708
181 184
181 186
181 5217
181 187
181 6128
181 189
181 6145
181 190
181 19
181 191
181 192
181 3408
181 2255
181 3261
181 3110
181 193
181 3718
181 2195
181 195
181 196
182 5680
182 171
182 172
182 173
182 174
182 175
182 176
182 177
182 9569
182 166
182 2256
182 9573
182 9333
182 178
182 2188
182 9591
182 2143
182 180
182 2662
182 183
182 2189
182 184
182 2220
182 3266
182 2663
182 186
182 187
182 6383
182 189
182 2664
182 190
182 2192
182 3109
182 8914
182 191
182 2610
182 192
182 2247
182 2665
182 9622
182 193
182 2666
182 6140
182 5239
182 195
183 171
183 172
183 173
183 175
183 176
183 177
183 166
183 178
183 180
183 182
183 184
183 186
183 187
183 189
183 190
183 191
183 192
183 193
183 195
183 196
184 171
184 172
184 173
184 2618
184 9562
184 3586
184 175
184 3099
184 176
184 177
184 63
184 166
184 2631
184 9577
184 9581
184 178
184 2675
184 44
184 2203
184 5941
184 180
184 9593
184 2676
184 182
184 183
184 7571
184 834
184 186
184 187
184 3290
184 189
184 190
184 19
184 562
184 191
184 192
184 2677
184 3231
184 2678
184 193
184 2679
184 41
184 1266
184 5239
184 195
184 2680
184 2681
185 171
185 172
185 173
185 175
185 176
185 57
185 177
185 5750
185 166
185 3683
185 3684
185 178
185 3685
185 180
185 182
185 183
185 184
185 186
185 187
185 189
185 7065
185 190
185 191
185 192
185 193
185 195
185 196
186 171
186 172
186 173
186 175
186 176
186 177
186 8306
186 5750
186 166
186 9333
186 178
186 2296
186 180
186 182
186 183
186 2682
186 2683
186 2684
186 184
186 8325
186 67
186 2625
186 9605
186 43
186 187
186 2685
186 2608
186 189
186 190
186 9617
186 3627
186 1936
186 3984
186 191
186 192
186 193
186 5239
186 195
187 171
187 3081
187 3098
187 6132
187 2658
187 172
187 173
187 2606
187 3585
187 175
187 176
187 9567
187 2686
187 9568
187 177
187 9571
187 9572
187 166
187 2631
187 9411
187 8535
187 178
187 79
187 2827
187 31
187 9588
187 2655
187 5034
187 180
187 9592
187 3751
187 6372
187 182
187 6390
187 5074
187 183
187 814
187 184
187 5047
187 2632
187 3266
187 186
187 5217
187 2687
187 2633
187 3290
187 2688
187 2190
187 189
187 9612
187 9097
187 190
187 3984
187 191
187 192
187 2689
187 3292
187 3110
187 1443
187 193
187 5049
187 8322
187 2690
187 9624
187 3686
187 5239
187 195
187 9626
187 9557
188 745
188 746
188 747
188 166
188 748
188 749
188 750
188 751
188 752
188 753
188 754
188 755
188 756
188 757
188 758
188 759
188 760
188 761
188 193
189 4574
189 6130
189 171
189 172
189 173
189 175
189 176
189 177
189 58
189 166
189 3267
189 178
189 9584
189 3104
189 180
189 182
189 183
189 2716
189 184
189 9405
189 2663
189 186
189 187
189 2685
189 190
189 2717
189 191
189 192
189 2689
189 193
189 1639
189 9291
189 5239
189 195
190 9077
190 171
190 2658
190 172
190 173
190 175
190 176
190 177
190 58
190 166
190 6811
190 6527
190 178
190 9587
190 2722
190 1652
190 3685
190 180
190 6505
190 182
190 183
190 184
190 9599
190 5035
190 186
190 187
190 9610
190 189
190 2656
190 6529
190 191
190 192
190 7071
190 193
190 5239
190 195
190 2208
191 9688
191 263
191 4574
191 171
191 5015
191 9409
191 5043
191 172
191 173
191 175
191 9566
191 176
191 177
191 2640
191 3983
191 9570
191 115
191 3090
191 5750
191 166
191 3604
191 2614
191 6377
191 65
191 6527
191 178
191 4869
191 6112
191 4585
191 2655
191 2616
191 180
191 2676
191 824
191 182
191 183
191 2740
191 2741
191 184
191 2742
191 9600
191 186
191 5217
191 187
191 2190
191 9412
191 189
191 190
191 2743
191 3589
191 6146
191 192
191 2689
191 3261
191 1443
191 193
191 3718
191 6140
191 5239
191 195
191 6388
192 3935
192 263
192 3090
192 171
192 2744
192 2658
192 172
192 173
192 175
192 9565
192 176
192 177
192 5750
192 166
192 3684
192 9333
192 65
192 178
192 2615
192 2597
192 180
192 6145
192 182
192 3106
192 183
192 184
192 2196
192 8411
192 185
192 4701
192 186
192 187
192 2745
192 2190
192 6128
192 189
192 9613
192 190
192 212
192 191
192 3110
192 6385
192 193
192 2194
192 1236
192 9625
192 5239
192 195
193 171
193 172
193 173
193 175
193 176
193 177
193 166
193 6635
193 178
193 180
193 182
193 183
193 184
193 186
193 187
193 189
193 190
193 191
193 192
193 195
193 196
194 2825
194 171
194 172
194 173
194 2826
194 175
194 176
194 177
194 166
194 6376
194 178
194 2827
194 2828
194 180
194 2829
194 182
194 2830
194 183
194 184
194 186
194 187
194 3172
194 189
194 9097
194 190
194 191
194 192
194 7071
194 72
194 6119
194 193
194 6121
194 195
194 196
195 3090
195 171
195 2751
195 172
195 173
195 175
195 2620
195 176
195 177
195 3983
195 3090
195 166
195 2752
195 2753
195 65
195 178
195 2675
195 3665
195 2754
195 180
195 182
195 183
195 184
195 2755
195 9602
195 9603
195 3266
195 9604
195 186
195 2756
195 5217
195 9607
195 187
195 2600
195 189
195 9614
195 190
195 6633
195 2645
195 191
195 2757
195 192
195 9623
195 193
195 3629
195 5239
195 2681
196 166
196 7071
197 200
197 166
197 550
197 202
197 9583
197 167
197 2165
197 41
197 196
198 9934
198 9935
198 9936
198 9937
198 166
198 9938
198 9939
198 9940
198 9941
198 167
198 9942
198 9943
198 9944
199 200
199 166
199 206
199 207
199 167
199 1266
199 196
200 43
200 44
200 45
200 46
200 166
200 47
200 48
200 49
200 50
200 51
200 52
200 53
200 54
200 55
200 167
200 56
200 57
200 58
200 196
201 3662
201 76
201 2162
201 200
201 166
201 77
201 81
201 82
201 7298
201 83
201 84
201 85
201 86
201 87
201 167
201 1265
201 79
201 80
201 196
202 170
202 200
202 166
202 204
202 167
202 6665
202 196
203 775
203 776
203 777
203 778
203 779
203 780
203 781
203 782
203 783
203 784
204 6826
204 200
204 166
204 2102
204 2103
204 2104
204 167
204 2105
204 196
205 165
205 198
205 62
205 2169
205 200
205 166
205 5574
205 203
205 2100
205 5575
205 206
205 552
205 167
205 2101
205 995
205 1229
205 196
206 986
206 987
206 988
206 989
206 200
206 166
206 990
206 991
206 992
206 993
206 994
206 167
206 995
206 996
206 997
206 998
206 196
207 200
207 166
207 210
207 167
207 196
208 197
208 200
208 201
208 166
208 3209
208 78
208 202
208 4435
208 2648
208 188
208 167
208 2164
208 71
208 212
208 19
208 3088
208 1266
208 196
209 200
209 166
209 4303
209 185
209 4360
209 167
209 4361
209 4362
209 4496
209 196
210 197
210 173
210 199
210 200
210 166
210 202
210 205
210 207
210 8503
210 167
210 2226
210 8504
210 8505
210 4436
210 8506
210 196
211 1230
211 1231
211 1232
211 1233
211 1234
211 1235
211 1236
211 1237
211 1238
211 1239
211 1240
212 3439
212 200
212 166
212 2457
212 167
212 2226
212 196
213 3662
213 88
213 200
213 201
213 166
213 89
213 85
213 167
213 79
213 2165
213 1266
213 90
213 196
214 215
214 216
214 217
214 218
214 219
214 220
214 221
215 222
215 223
215 224
215 225
215 217
215 226
215 227
215 228
215 229
215 230
215 219
215 220
215 231
215 232
215 233
215 234
215 235
215 236
216 215
216 217
216 219
216 220
217 215
217 237
217 238
217 239
217 240
217 241
217 219
217 220
217 242
217 243
217 244
217 245
218 215
218 217
218 219
218 220
219 215
219 246
219 247
219 248
219 249
219 217
219 241
219 220
219 250
219 251
219 252
220 215
220 216
220 217
220 219
220 221
221 214
221 215
221 217
221 219
221 220
222 8651
222 8662
222 8664
222 8669
222 8677
222 3173
222 8876
222 8688
222 3097
222 8877
222 8698
222 8706
224 9870
224 8654
224 8669
224 8672
224 9871
224 3173
224 8688
224 8695
224 8698
224 8699
225 8714
225 3173
225 5206
226 8663
226 8669
226 3173
226 5490
226 8688
226 8689
226 8691
226 8698
226 8701
227 8659
227 8660
227 8669
227 3173
227 8682
227 2896
227 8878
227 2897
227 8685
227 8686
227 8688
227 2898
227 8698
227 5489
227 8700
227 2899
227 252
228 8725
228 8726
228 8727
228 8728
228 8729
228 8730
228 3173
228 8731
228 8732
228 8733
229 2549
229 2550
229 3173
229 2551
231 6434
231 5158
231 6450
231 6435
231 6436
231 6437
231 6438
231 3173
231 6439
231 6440
231 6441
231 6443
231 6453
233 214
233 6181
233 3375
233 5206
234 3173
235 3094
235 3068
235 3095
235 3096
235 8669
235 8674
235 8675
235 227
235 8740
235 3173
235 8687
235 8688
235 3097
235 3098
235 8698
235 8702
235 8709
236 2900
236 5491
236 2901
236 3096
236 8668
236 8669
236 8671
236 3173
236 8878
236 8683
236 8688
236 8698
236 8705
236 8707
236 2902
237 215
237 217
237 219
237 220
238 215
238 217
238 219
238 220
239 5270
239 5271
239 5272
239 5273
239 5157
239 5275
239 5276
239 5167
239 3173
239 7380
239 5178
239 5278
239 5185
239 5279
239 3644
239 5189
239 5214
239 5280
239 5199
239 5148
241 215
241 217
241 219
241 220
244 1941
244 2537
244 2538
244 365
244 4571
244 5668
244 2539
244 2540
246 9644
246 215
246 5263
246 5980
246 6423
246 9893
246 5939
246 217
246 7627
246 842
246 2385
246 6341
246 741
246 219
246 220
246 256
246 1833
246 9467
247 9987
247 9970
247 9971
247 9981
247 9973
247 9974
247 9989
247 9982
247 9976
247 9990
247 9983
247 9977
247 9984
247 9985
247 7521
247 9986
247 9980
247 7522
247 9988
248 1860
248 1861
248 1862
248 3173
248 1863
248 9215
248 4601
249 4603
249 4605
249 4606
249 4596
249 4607
249 4597
249 4598
249 4599
249 4600
249 4608
249 4601
250 394
250 397
250 399
250 400
250 402
250 403
250 404
250 3173
250 405
250 408
250 412
250 5204
250 2583
250 418
250 420
250 7380
250 419
252 1724
252 1725
252 1726
252 1727
252 8644
252 1728
252 1729
252 3173
252 1730
252 6253
253 254
253 255
253 256
254 257
255 254
255 256
256 258
257 6465
257 6457
257 6467
257 6459
257 6460
257 6461
257 6462
257 6494
257 5546
258 257
258 833
258 256
259 260
259 261
259 262
259 263
259 264
259 265
259 266
259 267
259 268
259 269
259 270
259 271
259 272
259 273
259 274
259 275
260 276
260 277
260 261
260 262
260 278
260 265
260 266
260 279
260 268
260 280
260 269
260 271
260 281
260 282
260 283
260 284
260 275
261 260
261 263
261 278
261 266
261 268
261 285
261 269
261 271
261 284
261 275
261 286
262 260
262 261
262 266
262 268
262 269
262 271
262 275
263 260
263 261
263 266
263 268
263 269
263 271
263 275
264 260
264 261
264 263
264 266
264 268
264 269
264 271
264 287
264 275
265 266
265 270
265 275
266 288
266 289
266 290
266 291
266 292
266 293
266 294
266 295
266 296
266 297
266 298
266 299
266 300
266 301
266 302
266 303
266 304
266 305
266 306
266 307
266 308
266 309
266 310
266 311
266 312
266 313
266 314
266 315
267 260
267 261
267 316
267 266
267 317
267 268
267 269
267 271
267 275
268 260
268 261
268 318
268 316
268 266
268 319
268 269
268 271
268 281
268 275
269 259
269 260
269 261
269 266
269 317
269 268
269 271
269 272
269 284
269 275
270 320
270 271
271 260
271 261
271 266
271 268
271 269
271 275
272 259
272 276
272 260
272 261
272 262
272 266
272 279
272 321
272 268
272 269
272 271
272 322
272 323
272 283
272 275
273 324
273 325
273 326
273 327
273 328
273 329
274 260
274 261
274 266
274 268
274 280
274 269
274 271
274 282
274 275
275 260
275 261
275 263
275 266
275 268
275 269
275 271
275 286
276 263
276 266
276 6085
276 271
276 323
276 283
276 275
277 266
277 320
277 270
277 271
277 6087
277 275
278 266
278 7886
278 275
279 266
279 321
279 280
279 275
280 266
280 275
281 260
281 261
281 263
281 266
281 7989
281 268
281 269
281 271
281 2829
281 7990
281 7991
281 275
282 266
282 275
283 263
283 316
283 266
283 5921
283 320
283 270
283 322
283 275
284 7118
284 260
284 7119
284 261
284 266
284 268
284 269
284 271
284 275
285 260
285 261
285 266
285 268
285 269
285 271
285 275
286 260
286 261
286 266
286 268
286 269
286 271
286 275
287 7263
287 3531
287 266
287 7264
287 7265
287 7266
288 289
288 290
288 291
288 292
288 293
288 294
288 296
288 298
288 7906
288 266
288 300
288 7910
288 301
288 929
288 302
288 1382
288 940
288 4832
288 7886
288 303
288 304
288 305
288 306
288 931
288 308
288 309
288 2701
288 311
288 312
288 314
288 315
289 288
289 2204
289 1293
289 6511
289 2205
289 290
289 291
289 292
289 293
289 294
289 1273
289 2206
289 296
289 1577
289 298
289 6850
289 268
289 266
289 300
289 2207
289 5921
289 2208
289 301
289 804
289 302
289 320
289 7886
289 303
289 304
289 254
289 6486
289 305
289 306
289 1578
289 1327
289 2829
289 2209
289 8197
289 308
289 261
289 2210
289 309
289 39
289 2733
289 311
289 1328
289 2211
289 312
289 2832
289 314
289 315
289 287
290 5567
290 288
290 289
290 1293
290 291
290 292
290 293
290 294
290 2206
290 296
290 1577
290 7493
290 298
290 6850
290 8430
290 7987
290 1240
290 5132
290 266
290 300
290 353
290 2212
290 5921
290 301
290 302
290 2213
290 320
290 303
290 304
290 305
290 306
290 2214
290 1578
290 308
290 1993
290 309
290 39
290 6963
290 7322
290 2733
290 311
290 1328
290 312
290 261
290 2215
290 314
290 358
290 315
290 287
290 8163
291 288
291 289
291 1275
291 290
291 292
291 293
291 294
291 2216
291 296
291 2217
291 298
291 7987
291 2218
291 266
291 300
291 2212
291 5921
291 2219
291 301
291 302
291 2220
291 303
291 304
291 8535
291 305
291 306
291 308
291 309
291 311
291 312
291 314
291 2221
291 315
291 4773
291 287
292 4824
292 288
292 289
292 1272
292 6936
292 290
292 291
292 293
292 2222
292 294
292 2223
292 296
292 4363
292 2224
292 2225
292 2226
292 298
292 7987
292 2227
292 2228
292 266
292 300
292 2229
292 2230
292 2212
292 301
292 2231
292 294
292 302
292 2232
292 4832
292 2233
292 303
292 304
292 8535
292 6381
292 2234
292 305
292 306
292 2235
292 1657
292 2209
292 308
292 2236
292 2237
292 262
292 309
292 6808
292 310
292 2238
292 2239
292 311
292 6517
292 2211
292 312
292 2215
292 314
292 6804
292 803
292 315
292 4386
293 288
293 6841
293 289
293 290
293 291
293 292
293 294
293 6842
293 2206
293 296
293 8199
293 298
293 2218
293 266
293 300
293 6824
293 2530
293 301
293 2692
293 302
293 7886
293 303
293 6860
293 304
293 7056
293 6486
293 305
293 2240
293 306
293 8206
293 8197
293 308
293 2241
293 309
293 2242
293 2243
293 3439
293 311
293 8196
293 6832
293 312
293 314
293 315
294 288
294 289
294 290
294 291
294 292
294 5214
294 293
294 2223
294 2244
294 296
294 4363
294 8366
294 298
294 2245
294 266
294 300
294 301
294 302
294 1383
294 303
294 304
294 1245
294 305
294 3179
294 306
294 2209
294 308
294 309
294 1249
294 6808
294 805
294 2794
294 311
294 2246
294 312
294 2247
294 314
294 7276
294 315
294 5217
294 1254
295 266
296 4824
296 288
296 289
296 290
296 291
296 292
296 293
296 294
296 3436
296 297
296 298
296 299
296 7987
296 3437
296 7054
296 266
296 300
296 7055
296 301
296 3438
296 302
296 303
296 304
296 7056
296 305
296 257
296 306
296 308
296 7057
296 309
296 310
296 3439
296 7060
296 311
296 4838
296 802
296 312
296 314
296 803
296 4842
296 315
297 7134
297 266
297 5921
297 7341
297 7135
297 7136
297 7137
297 305
298 288
298 289
298 290
298 291
298 292
298 293
298 294
298 2216
298 296
298 7986
298 2218
298 266
298 300
298 2212
298 301
298 2248
298 302
298 303
298 304
298 305
298 306
298 308
298 2249
298 2236
298 7048
298 2250
298 309
298 311
298 1157
298 312
298 314
298 2251
298 2252
298 315
299 7069
299 3440
299 7089
299 295
299 296
299 266
299 7090
299 306
299 7092
299 7093
299 3441
299 7051
299 7094
299 7095
299 7061
300 7987
300 266
300 254
300 305
300 306
300 308
300 805
300 7276
300 2253
300 3526
301 288
301 289
301 2254
301 290
301 291
301 292
301 7780
301 293
301 294
301 2255
301 296
301 1274
301 7897
301 298
301 266
301 300
301 2557
301 2325
301 302
301 303
301 304
301 305
301 306
301 308
301 2256
301 309
301 311
301 2257
301 312
301 2258
301 2259
301 314
301 2252
301 315
301 1354
301 6800
302 288
302 289
302 2204
302 290
302 291
302 292
302 293
302 294
302 296
302 298
302 266
302 300
302 353
302 2212
302 301
302 2213
302 303
302 304
302 6486
302 2260
302 305
302 306
302 1657
302 308
302 261
302 2831
302 309
302 310
302 2261
302 2733
302 311
302 312
302 2832
302 2215
302 314
302 315
302 287
303 288
303 289
303 290
303 291
303 292
303 293
303 294
303 3524
303 296
303 298
303 7906
303 266
303 300
303 7910
303 5921
303 301
303 302
303 3532
303 4832
303 304
303 305
303 306
303 307
303 308
303 309
303 310
303 2273
303 311
303 312
303 314
303 315
303 1150
304 288
304 289
304 2511
304 290
304 291
304 292
304 293
304 294
304 296
304 298
304 266
304 301
304 302
304 303
304 306
304 308
304 310
304 2274
304 312
304 314
304 315
305 4824
305 4825
305 4826
305 4827
305 266
305 300
305 4828
305 4829
305 4830
305 4831
305 4832
305 4833
305 4834
305 4835
305 4836
305 4837
305 4838
305 4839
305 4840
305 4841
305 4842
305 4773
305 4843
306 288
306 289
306 290
306 291
306 292
306 5214
306 293
306 294
306 3524
306 296
306 298
306 266
306 300
306 5921
306 301
306 302
306 303
306 304
306 305
306 3525
306 308
306 309
306 310
306 311
306 7338
306 312
306 314
306 315
306 5217
306 287
306 3526
307 289
307 5774
307 2225
307 297
307 2278
307 300
307 2248
307 302
307 3528
307 305
307 3525
307 2241
307 310
307 2273
307 2261
307 311
307 312
307 313
307 3534
308 266
308 3527
308 3528
308 3529
308 3530
309 288
309 289
309 290
309 291
309 292
309 293
309 294
309 296
309 3280
309 298
309 3531
309 266
309 300
309 301
309 302
309 3532
309 303
309 304
309 7056
309 305
309 306
309 308
309 3533
309 310
309 311
309 312
309 314
309 315
309 287
309 2545
309 3534
310 5774
310 266
310 5775
310 5776
311 4826
311 4827
311 266
311 4828
311 305
311 4834
311 4836
312 3509
312 3510
312 781
312 266
312 306
312 308
312 309
312 3535
312 3513
314 4785
314 288
314 6841
314 289
314 1275
314 290
314 291
314 292
314 293
314 294
314 296
314 2217
314 3281
314 2278
314 298
314 9093
314 2218
314 266
314 300
314 9109
314 4248
314 2208
314 301
314 302
314 7908
314 7886
314 303
314 4215
314 304
314 8535
314 305
314 4250
314 306
314 4253
314 9098
314 2279
314 8197
314 308
314 309
314 7952
314 311
314 312
314 2280
314 315
314 4773
315 288
315 289
315 7280
315 290
315 291
315 292
315 293
315 294
315 6844
315 296
315 8366
315 297
315 298
315 3437
315 7054
315 266
315 300
315 2212
315 301
315 302
315 303
315 304
315 7056
315 305
315 306
315 308
315 309
315 310
315 3439
315 311
315 2281
315 312
315 314
316 260
316 261
316 266
316 5921
316 268
316 320
316 269
316 271
316 1579
316 6087
316 7987
316 7988
316 275
317 260
317 1293
317 261
317 266
317 5921
317 268
317 320
317 269
317 271
317 6088
317 2291
317 2238
317 323
317 287
317 275
318 260
318 261
318 7983
318 266
318 7984
318 319
318 268
318 269
318 271
318 7985
318 7986
318 275
319 260
319 261
319 266
319 268
319 6085
319 6086
319 269
319 271
319 6087
319 275
320 1293
320 247
320 248
320 1577
320 266
320 249
320 250
320 251
320 5921
320 252
320 253
320 254
320 255
320 256
320 257
320 1578
320 258
320 1579
320 259
320 261
320 262
320 263
320 264
320 265
320 266
321 266
321 261
321 275
322 260
322 261
322 263
322 266
322 268
322 269
322 271
322 275
323 260
323 261
323 266
323 317
323 268
323 269
323 271
323 6088
323 275
324 266
324 325
324 327
324 328
324 3433
324 3434
324 9917
324 3435
325 324
325 266
325 326
325 273
325 3436
326 2376
326 324
326 266
326 273
327 1293
327 3437
327 254
328 324
328 266
328 326
330 331
330 332
331 333
332 331
332 334
332 335
332 336
332 337
332 338
332 339
332 340
332 341
332 342
332 343
332 344
332 345
333 7103
333 7104
333 7105
333 7106
333 7107
333 7108
333 7109
333 7110
333 7111
333 7112
333 7113
334 6296
334 331
335 331
337 331
337 8329
337 8331
337 8332
343 9911
343 9912
343 9913
343 9914
343 9915
343 9916
343 9917
343 9918
344 203
344 2961
345 330
346 347
346 348
346 349
346 350
347 351
348 352
348 353
348 354
348 355
348 356
348 357
349 358
349 359
349 360
349 361
349 362
350 363
350 364
350 365
350 366
350 367
350 368
350 369
350 370
350 371
353 6481
353 7590
353 2263
353 6483
353 6484
353 7295
353 6485
353 6487
353 371
353 6486
354 351
355 351
355 4472
355 4473
355 6481
355 4474
355 4475
355 4476
355 2263
355 6483
355 4477
355 4478
355 4479
355 6485
355 6487
355 4480
355 4481
355 4482
355 371
355 6486
355 4483
356 351
356 355
357 351
357 2452
357 2453
357 2454
357 355
357 3209
357 2455
357 2456
357 3210
357 2457
357 2458
357 6791
357 2459
358 360
358 6505
359 7198
359 7199
359 7200
359 7201
359 7202
359 7203
359 7204
359 7205
359 7206
359 7207
360 6505
361 352
361 8592
361 355
361 362
363 350
364 6508
365 351
365 6481
365 2173
365 2263
365 7747
365 1773
365 6483
365 6484
365 7748
365 1766
365 7749
365 6485
365 6487
365 7750
365 2178
365 371
365 6486
365 7751
366 6437
366 6438
367 1768
367 351
367 2184
367 2159
367 2160
367 2185
367 2186
367 2147
367 2148
367 1773
367 2165
367 2151
367 2152
367 2187
367 2188
367 2155
367 2161
367 2156
368 6481
368 2263
368 6483
368 6484
368 6485
368 6487
368 371
368 6486
369 8479
369 5744
370 350
371 351
371 4448
371 4449
371 4450
371 4451
372 373
372 374
372 375
372 376
372 377
372 378
372 379
372 380
372 381
372 382
372 383
373 372
373 376
373 377
373 379
373 381
373 382
374 372
374 377
374 379
374 381
374 384
374 382
375 385
375 386
375 387
375 388
375 389
375 390
375 384
375 391
375 392
375 393
375 394
375 395
375 396
376 372
376 377
376 379
376 381
376 382
377 372
377 374
377 378
377 379
377 381
377 382
378 372
378 377
378 379
378 381
378 382
379 372
379 376
379 377
379 381
379 382
380 372
380 377
380 379
380 381
380 382
381 372
381 377
381 379
381 380
381 382
382 372
382 377
382 379
382 381
383 372
383 377
383 379
383 381
383 382
384 6934
384 6935
384 386
384 6936
384 389
384 6937
384 6938
384 6939
384 6940
384 6941
384 392
384 393
384 396
384 6942
384 8059
384 6912
384 6913
385 6611
385 6018
385 71
385 6918
385 386
385 805
385 6622
385 81
385 9952
385 389
385 4867
385 6640
385 4816
385 384
385 6646
385 6960
385 6651
385 6921
385 6661
385 1070
385 392
385 6667
385 393
385 7652
385 396
385 8059
385 6912
385 6913
386 6915
386 6916
386 6917
386 6918
386 389
386 6919
386 384
386 6920
386 6921
386 392
386 393
386 396
386 8059
386 6912
386 6913
387 6943
387 389
387 6937
387 392
387 394
388 386
388 389
388 9955
388 384
388 2169
388 6961
388 675
388 3018
388 392
388 393
388 396
388 8059
388 6912
388 6913
389 6923
389 386
389 6924
389 6925
389 6926
389 6907
389 384
389 6927
389 6928
389 392
389 6929
389 393
389 6930
389 396
389 8059
389 6912
389 6913
390 386
390 6959
390 389
390 9955
390 384
390 6950
390 392
390 393
390 7652
390 396
390 8059
390 6912
390 6913
391 386
391 389
391 9319
391 6938
391 384
391 6940
391 392
391 393
391 394
391 396
391 8059
391 6912
391 6913
391 6945
392 6934
392 6943
392 386
392 389
392 6919
392 384
392 6920
392 6939
392 6944
392 393
392 394
392 396
392 6942
392 8059
392 6912
392 6913
392 6945
393 386
393 389
393 384
393 6946
393 392
393 396
393 8059
393 6912
393 6913
394 6935
394 386
394 1126
394 6906
394 389
394 6938
394 384
394 4857
394 6940
394 6944
394 6928
394 392
394 393
394 396
394 8059
394 6912
394 6913
395 386
395 6936
395 8735
395 389
395 8740
395 9341
395 5651
395 5652
395 384
395 8784
395 392
395 393
395 396
395 8059
395 6912
395 6913
395 6945
396 6947
396 6918
396 386
396 6948
396 389
396 6919
396 6938
396 6949
396 384
396 6921
396 6940
396 6950
396 5820
396 6951
396 392
396 393
396 10
396 8059
396 6912
396 6913
397 398
397 399
397 400
397 401
397 402
397 403
397 404
397 405
397 406
397 407
397 408
398 399
398 400
398 401
398 402
398 404
398 405
398 406
399 397
399 398
399 400
399 401
399 402
399 409
399 404
399 405
399 406
399 410
399 411
399 407
400 398
400 412
400 399
400 413
400 414
400 401
400 402
400 404
400 405
400 415
400 406
401 398
401 399
401 413
401 402
401 404
401 405
401 406
402 416
402 398
402 400
402 401
402 417
402 404
402 418
402 405
402 419
402 406
402 420
403 398
403 399
403 400
403 401
403 402
403 404
403 405
403 406
404 416
404 398
404 400
404 401
404 402
404 405
404 421
404 406
404 422
404 420
404 423
404 424
405 398
405 399
405 400
405 401
405 425
405 402
405 404
405 426
405 406
405 427
405 428
405 429
405 430
405 431
406 398
406 432
406 399
406 400
406 433
406 401
406 402
406 404
406 405
406 422
406 434
406 424
407 398
407 399
407 400
407 401
407 402
407 404
407 405
407 406
408 398
408 399
408 400
408 401
408 402
408 404
408 405
408 406
409 398
409 399
409 400
409 5505
409 401
409 402
409 404
409 405
409 406
410 398
410 399
410 413
410 401
410 402
410 404
410 405
410 6770
410 6771
410 406
410 5506
411 398
411 3023
411 399
411 400
411 401
411 402
411 404
411 405
411 406
411 5507
412 398
412 399
412 400
412 402
412 404
412 405
412 406
413 398
413 399
413 400
413 402
413 404
413 405
413 406
414 398
414 399
414 400
414 402
414 404
414 405
414 406
415 398
415 399
415 400
415 402
415 404
415 405
415 406
416 398
416 399
416 400
416 401
416 402
416 404
416 405
416 6769
416 6770
416 6771
416 406
417 398
417 399
417 400
417 402
417 404
417 405
417 406
418 398
418 399
418 400
418 402
418 404
418 405
418 406
419 398
419 399
419 400
419 402
419 404
419 405
419 406
420 398
420 399
420 400
420 401
420 402
420 404
420 405
420 406
421 398
421 5335
421 399
421 400
421 401
421 5236
421 402
421 266
421 7909
421 404
421 405
421 5226
421 406
422 398
422 399
422 400
422 401
422 6940
422 402
422 404
422 405
422 406
422 3605
422 2875
422 3607
422 6945
422 6946
422 424
423 398
423 399
423 400
423 401
423 402
423 404
423 405
423 406
424 398
424 4362
424 399
424 6943
424 400
424 8519
424 401
424 402
424 5018
424 3604
424 404
424 405
424 2876
424 406
424 2877
424 2878
424 2879
425 398
425 399
425 400
425 401
425 402
425 404
425 9406
425 405
425 8762
425 406
426 398
426 399
426 400
426 401
426 402
426 404
426 405
426 406
427 398
427 399
427 400
427 401
427 402
427 404
427 405
427 406
427 9995
428 398
428 399
428 400
428 401
428 402
428 404
428 405
428 406
428 5506
429 398
429 399
429 400
429 401
429 402
429 404
429 405
429 406
430 398
430 399
430 400
430 401
430 402
430 404
430 405
430 406
430 1935
431 398
431 399
431 400
431 401
431 402
431 404
431 405
431 406
431 9995
432 398
432 399
432 400
432 401
432 402
432 404
432 405
432 406
433 398
433 6938
433 399
433 400
433 8868
433 401
433 402
433 404
433 405
433 406
434 416
434 398
434 399
434 400
434 401
434 402
434 404
434 405
434 406
434 420
434 3607
434 6945
435 436
437 438
437 439
437 440
437 441
437 442
437 443
437 444
437 445
437 446
437 447
437 448
437 449
437 450
437 451
437 452
437 453
437 454
438 439
438 440
438 441
438 442
438 443
438 444
438 445
438 446
438 447
438 448
438 449
438 450
438 451
438 452
438 453
438 454
439 438
439 440
439 441
439 442
439 443
439 444
439 445
439 446
439 447
439 448
439 449
439 450
439 451
439 452
439 453
439 454
440 438
440 439
440 441
440 442
440 443
440 444
440 445
440 446
440 447
440 448
440 449
440 450
440 451
440 452
440 453
440 454
441 438
441 439
441 440
441 455
441 456
441 442
441 443
441 444
441 445
441 457
441 446
441 447
441 448
441 449
441 450
441 451
441 452
441 453
441 454
441 458
442 438
442 439
442 440
442 441
442 443
442 444
442 445
442 446
442 447
442 448
442 449
442 450
442 451
442 452
442 453
442 454
443 438
443 439
443 440
443 456
443 441
443 442
443 444
443 445
443 446
443 447
443 448
443 449
443 450
443 451
443 452
443 453
443 454
444 438
444 439
444 440
444 441
444 442
444 443
444 445
444 446
444 447
444 448
444 449
444 450
444 451
444 452
444 453
444 454
445 438
445 439
445 440
445 441
445 442
445 443
445 444
445 446
445 447
445 448
445 449
445 450
445 451
445 452
445 453
445 454
446 438
446 439
446 440
446 441
446 442
446 443
446 444
446 445
446 447
446 448
446 449
446 450
446 451
446 452
446 453
446 454
447 438
447 439
447 440
447 441
447 442
447 443
447 444
447 445
447 446
447 448
447 449
447 450
447 451
447 452
447 453
447 454
448 438
448 439
448 440
448 441
448 442
448 443
448 444
448 445
448 446
448 447
448 449
448 450
448 451
448 452
448 453
448 454
449 438
449 439
449 440
449 441
449 442
449 443
449 444
449 445
449 446
449 447
449 448
449 450
449 451
449 452
449 453
449 454
450 459
450 460
450 461
450 462
450 463
450 464
450 465
450 466
450 467
450 468
450 469
450 453
451 438
451 439
451 440
451 441
451 442
451 443
451 444
451 445
451 446
451 447
451 448
451 449
451 450
451 452
451 453
451 454
452 438
452 439
452 440
452 441
452 442
452 443
452 444
452 445
452 446
452 447
452 448
452 449
452 450
452 451
452 453
452 454
453 470
453 471
453 472
453 473
453 474
453 475
453 476
453 477
453 478
453 479
453 480
453 481
453 482
453 483
453 484
453 485
453 486
453 487
453 488
453 489
453 490
453 491
453 492
453 493
454 438
454 439
454 440
454 441
454 442
454 443
454 444
454 445
454 446
454 447
454 448
454 449
454 450
454 451
454 452
454 453
455 1352
455 1353
455 1354
455 1355
455 1356
455 1357
455 1358
455 1359
455 1360
455 1361
455 1362
455 1363
455 1364
455 1365
455 1366
455 1367
455 1368
455 1370
455 450
455 453
457 3359
457 3360
457 3048
457 3361
457 3362
457 3363
457 3364
457 3049
457 3050
457 3051
457 3365
457 3366
457 3367
457 3368
457 3052
457 3369
457 3371
457 453
458 7829
458 7830
458 7831
458 453
459 3510
459 3511
459 3512
459 3513
459 3514
459 450
459 453
460 9930
460 459
460 461
460 462
460 9931
460 463
460 464
460 465
460 466
460 467
460 450
460 468
460 469
461 459
461 766
461 460
461 462
461 5027
461 9932
461 480
461 463
461 464
461 457
461 465
461 466
461 467
461 771
461 488
461 9933
461 3665
461 490
461 450
461 468
461 469
461 453
462 9934
462 459
462 460
462 461
462 463
462 3563
462 464
462 465
462 466
462 467
462 450
462 9935
462 468
462 469
463 459
463 460
463 461
463 462
463 3525
463 464
463 465
463 3652
463 466
463 467
463 9936
463 450
463 468
463 469
463 453
464 459
464 460
464 461
464 462
464 463
464 465
464 466
464 467
464 450
464 468
464 469
464 453
465 3546
465 3547
465 3548
465 459
465 3549
465 460
465 461
465 3550
465 462
465 463
465 464
465 3551
465 466
465 467
465 3552
465 450
465 468
465 3553
465 469
466 459
466 9937
466 460
466 461
466 462
466 463
466 3525
466 464
466 465
466 3652
466 467
466 9936
466 450
466 468
466 469
466 453
467 459
467 3554
467 460
467 3555
467 461
467 3556
467 462
467 463
467 464
467 3557
467 465
467 466
467 3558
467 3559
467 450
467 468
467 3545
467 3560
467 469
468 459
468 460
468 461
468 462
468 3561
468 3562
468 463
468 3563
468 464
468 465
468 466
468 467
468 3564
468 3565
468 450
468 3566
468 469
468 453
469 459
469 460
469 461
469 462
469 463
469 464
469 465
469 466
469 467
469 450
469 468
470 471
470 1069
470 473
470 474
470 475
470 476
470 477
470 5027
470 478
470 479
470 480
470 481
470 482
470 483
470 484
470 3544
470 486
470 487
470 488
470 489
470 490
470 491
470 492
471 470
471 473
471 474
471 475
471 476
471 477
471 3539
471 478
471 479
471 480
471 481
471 482
471 3540
471 483
471 484
471 486
471 487
471 488
471 489
471 490
471 491
471 492
471 3541
472 1750
472 3552
472 3553
472 3554
472 3321
472 485
472 3555
472 3556
472 3557
472 453
473 7822
473 453
474 5480
474 470
474 5482
474 471
474 5495
474 9320
474 1071
474 5508
474 5650
474 473
474 3662
474 3663
474 1076
474 475
474 476
474 477
474 5027
474 478
474 5485
474 479
474 480
474 481
474 482
474 5503
474 483
474 9321
474 484
474 486
474 487
474 488
474 489
474 490
474 491
474 492
474 3530
474 5652
475 470
475 9322
475 471
475 473
475 474
475 9323
475 476
475 477
475 5027
475 478
475 9145
475 3543
475 479
475 480
475 481
475 8984
475 3055
475 482
475 483
475 9321
475 484
475 3544
475 486
475 487
475 771
475 9150
475 488
475 9324
475 489
475 490
475 491
475 492
475 3530
475 3541
476 470
476 471
476 473
476 474
476 475
476 477
476 5027
476 478
476 479
476 480
476 481
476 482
476 483
476 484
476 486
476 487
476 488
476 489
476 490
476 3545
476 491
476 492
476 493
477 763
477 470
477 5482
477 471
477 5320
477 459
477 5508
477 5650
477 9325
477 473
477 4310
477 3662
477 474
477 3663
477 9326
477 475
477 476
477 5540
477 9327
477 3539
477 9011
477 5027
477 478
477 9145
477 3543
477 479
477 480
477 481
477 3055
477 482
477 3540
477 3319
477 2241
477 5330
477 3320
477 483
477 1082
477 9321
477 3321
477 484
477 3544
477 486
477 487
477 4937
477 771
477 9150
477 488
477 6711
477 150
477 9324
477 3665
477 489
477 490
477 450
477 3545
477 491
477 492
477 3530
477 493
477 5652
477 3541
477 453
477 458
478 470
478 471
478 473
478 474
478 475
478 476
478 477
478 479
478 480
478 481
478 482
478 483
478 484
478 486
478 487
478 488
478 489
478 490
478 491
478 492
479 470
479 471
479 473
479 474
479 475
479 476
479 477
479 478
479 5541
479 480
479 481
479 482
479 483
479 1082
479 484
479 486
479 487
479 488
479 489
479 490
479 491
479 492
480 470
480 471
480 473
480 474
480 475
480 476
480 477
480 3539
480 478
480 479
480 481
480 482
480 3540
480 483
480 484
480 486
480 487
480 488
480 489
480 490
480 491
480 492
480 3541
481 7527
481 470
481 9322
481 471
481 3360
481 140
481 473
481 474
481 8279
481 475
481 476
481 144
481 9328
481 477
481 7561
481 478
481 3326
481 479
481 480
481 3331
481 482
481 483
481 1081
481 457
481 9329
481 484
481 486
481 487
481 7570
481 9150
481 488
481 150
481 3337
481 151
481 489
481 135
481 490
481 491
481 492
481 8277
481 8278
482 470
482 5482
482 471
482 5508
482 473
482 3662
482 474
482 3663
482 475
482 476
482 477
482 5027
482 478
482 479
482 480
482 481
482 483
482 9321
482 484
482 486
482 487
482 488
482 489
482 490
482 491
482 492
483 897
483 1067
483 470
483 9322
483 471
483 1068
483 140
483 1072
483 473
483 474
483 8279
483 5651
483 475
483 476
483 9328
483 477
483 9330
483 478
483 479
483 5541
483 480
483 481
483 1080
483 482
483 2241
483 3321
483 484
483 9331
483 486
483 487
483 488
483 150
483 489
483 135
483 490
483 491
483 492
483 3530
483 1086
484 470
484 9322
484 471
484 473
484 474
484 475
484 476
484 477
484 3539
484 9332
484 5027
484 478
484 3543
484 479
484 480
484 481
484 482
484 2241
484 483
484 3544
484 486
484 487
484 771
484 488
484 489
484 490
484 491
484 492
485 1086
485 453
486 470
486 9322
486 471
486 473
486 474
486 7276
486 9333
486 475
486 476
486 9328
486 477
486 9334
486 5027
486 478
486 3543
486 479
486 480
486 481
486 482
486 3540
486 483
486 484
486 3544
486 487
486 1404
486 771
486 9150
486 488
486 489
486 490
486 491
486 492
487 470
487 471
487 473
487 474
487 475
487 476
487 477
487 478
487 479
487 480
487 481
487 482
487 483
487 484
487 486
487 488
487 489
487 490
487 491
487 492
488 763
488 470
488 471
488 5320
488 9325
488 473
488 4310
488 474
488 3664
488 9323
488 9326
488 475
488 476
488 9327
488 9328
488 477
488 9011
488 478
488 9145
488 4514
488 479
488 5541
488 480
488 481
488 482
488 5330
488 3320
488 483
488 484
488 9335
488 486
488 487
488 3374
488 4937
488 771
488 6711
488 3665
488 489
488 490
488 450
488 491
488 492
488 453
489 470
489 471
489 473
489 474
489 475
489 476
489 5540
489 477
489 5027
489 478
489 479
489 5541
489 480
489 481
489 3055
489 482
489 483
489 1082
489 9321
489 484
489 3544
489 486
489 487
489 771
489 488
489 9324
489 490
489 491
489 492
489 3530
489 3541
490 470
490 471
490 6967
490 473
490 474
490 475
490 476
490 477
490 478
490 479
490 480
490 481
490 482
490 577
490 483
490 484
490 3544
490 486
490 487
490 3379
490 488
490 6711
490 489
490 491
490 492
490 4
491 470
491 471
491 459
491 473
491 474
491 475
491 476
491 477
491 478
491 479
491 480
491 481
491 482
491 3319
491 2241
491 483
491 3321
491 484
491 486
491 487
491 488
491 489
491 490
491 492
492 470
492 471
492 473
492 474
492 475
492 476
492 477
492 478
492 479
492 480
492 481
492 482
492 483
492 484
492 486
492 487
492 488
492 489
492 490
492 491
492 3530
493 9054
493 9055
493 9056
493 9057
493 9058
493 9059
493 9060
493 9061
494 495
494 496
494 497
494 498
494 499
494 500
494 501
494 502
494 503
494 504
494 505
494 506
494 507
494 508
494 509
494 510
494 511
494 512
494 513
494 514
495 515
496 516
497 517
498 518
499 519
502 520
503 521
504 522
505 523
507 524
508 525
509 526
510 527
511 528
513 529
514 530
516 437
516 438
516 439
516 440
516 9500
516 6950
516 9497
516 1744
516 441
516 3678
516 442
516 443
516 1770
516 444
517 4139
517 4140
517 4141
517 3683
517 4142
517 4143
517 4144
517 4145
517 4146
517 4147
517 4148
517 4149
517 4150
517 4151
519 7141
519 7136
519 7148
520 9497
520 3678
523 3834
523 3835
524 2601
524 2602
526 3842
526 9251
526 9497
526 1744
526 3843
527 3836
527 3837
527 2302
527 9497
527 3838
527 9644
527 8655
527 8656
527 3839
529 7569
529 3679
529 7570
529 7571
529 7572
529 9497
529 1744
529 7573
529 7574
529 3678
529 7575
529 7576
529 7577
529 7578
531 532
532 533
532 534
532 535
532 536
532 537
532 538
532 539
532 540
532 541
532 542
532 543
532 544
532 545
532 546
532 547
532 548
532 549
532 550
533 2186
533 7034
533 2187
533 536
533 4179
533 545
533 548
534 2585
534 2586
534 548
535 4174
535 1386
535 5541
535 4178
535 4179
536 533
536 7034
536 534
536 2586
536 548
537 2186
537 533
537 7034
537 2187
537 536
537 548
538 3534
538 1256
538 533
538 915
538 3535
538 8927
538 7034
538 1697
538 534
538 3304
538 536
538 4149
538 2828
538 6633
538 3863
538 3542
538 3307
538 539
538 548
539 531
539 9560
539 9561
539 532
540 8470
540 6444
540 9641
540 533
540 606
540 7034
540 4322
540 536
540 9629
540 4178
540 9649
540 1634
540 2856
540 548
541 533
541 7034
541 536
541 9562
541 9563
541 618
541 548
542 7034
542 2187
542 9563
543 3094
543 533
543 7034
543 536
543 9564
543 548
544 533
544 3301
544 3302
544 3303
544 7034
544 3304
544 536
544 3305
544 3306
544 548
545 533
545 7034
545 536
545 548
546 533
546 7034
546 536
546 3991
546 539
546 548
547 4411
547 533
547 1546
547 7034
547 536
547 616
547 3991
547 617
547 3557
547 618
547 619
547 548
548 4174
548 4175
548 4176
548 4177
548 4178
548 4179
548 3972
549 533
549 9268
549 7034
549 7005
549 536
549 9565
549 548
550 6424
550 7032
550 533
550 7034
550 536
550 3991
550 7700
550 1383
550 548
551 552
551 553
551 554
551 555
551 556
551 557
551 558
551 559
551 560
551 561
551 562
551 563
551 564
551 565
551 566
551 567
551 568
551 569
552 570
552 560
553 554
553 555
553 571
553 572
553 556
553 573
553 574
553 575
553 576
553 577
553 559
553 560
553 561
553 562
553 563
553 564
553 566
553 567
553 568
554 553
554 555
554 571
554 572
554 556
554 573
554 575
554 576
554 577
554 559
554 560
554 561
554 562
554 563
554 564
554 566
554 567
554 568
555 553
555 554
555 578
555 579
555 580
555 559
555 560
555 561
555 581
555 562
555 582
555 563
555 564
555 566
555 567
555 568
555 583
556 553
556 554
556 555
556 571
556 572
556 573
556 575
556 576
556 577
556 559
556 560
556 561
556 562
556 563
556 564
556 566
556 567
556 568
557 551
557 552
557 553
557 554
557 555
557 556
557 558
557 559
557 560
557 561
557 562
557 563
557 564
557 565
557 566
557 567
557 568
557 569
558 551
558 552
558 553
558 554
558 555
558 556
558 557
558 559
558 560
558 561
558 562
558 563
558 564
558 565
558 566
558 567
558 568
558 569
559 551
559 552
559 553
559 554
559 555
559 556
559 557
559 558
559 560
559 561
559 562
559 563
559 564
559 565
559 566
559 567
559 568
559 569
560 584
560 585
560 586
560 587
560 588
560 589
560 590
560 591
560 592
560 593
560 594
560 595
560 596
561 553
561 554
561 555
561 559
561 560
561 562
561 597
561 563
561 564
561 566
561 567
561 568
562 598
562 553
562 599
562 554
562 555
562 600
562 601
562 559
562 602
562 561
562 563
562 603
562 564
562 566
562 567
562 568
563 604
563 553
563 554
563 555
563 605
563 606
563 575
563 607
563 608
563 609
563 559
563 561
563 562
563 597
563 610
563 564
563 611
563 566
563 567
563 568
564 612
564 553
564 554
564 555
564 613
564 614
564 615
564 559
564 561
564 562
564 616
564 563
564 566
564 567
564 568
564 617
565 551
565 552
565 553
565 554
565 555
565 556
565 618
565 557
565 619
565 558
565 559
565 560
565 561
565 562
565 563
565 564
565 566
565 567
565 568
565 569
566 553
566 554
566 555
566 620
566 621
566 622
566 559
566 561
566 562
566 563
566 564
566 567
566 568
567 553
567 554
567 555
567 571
567 572
567 556
567 573
567 623
567 575
567 576
567 577
567 559
567 560
567 561
567 562
567 624
567 563
567 564
567 566
567 568
568 625
568 555
568 626
568 627
568 628
568 600
568 629
568 630
568 559
568 602
568 561
568 562
568 631
568 563
568 564
568 566
569 551
569 552
569 553
569 554
569 555
569 632
569 633
569 556
569 634
569 635
569 557
569 558
569 636
569 559
569 560
569 561
569 562
569 563
569 564
569 565
569 566
569 567
569 568
570 560
570 2917
571 553
571 554
571 555
571 572
571 556
571 573
571 575
571 576
571 577
571 3926
571 559
571 560
571 561
571 562
571 563
571 564
571 566
571 567
571 568
572 555
572 3881
572 3882
573 553
573 554
573 555
573 571
573 572
573 556
573 6935
573 575
573 576
573 577
573 559
573 560
573 561
573 562
573 563
573 564
573 8853
573 566
573 567
573 568
574 553
574 554
574 555
574 571
574 572
574 556
574 573
574 575
574 576
574 577
574 559
574 560
574 561
574 562
574 563
574 564
574 566
574 567
574 568
575 604
575 552
575 553
575 554
575 555
575 605
575 606
575 607
575 608
575 609
575 559
575 561
575 1879
575 562
575 597
575 563
575 610
575 564
575 611
575 566
575 567
575 568
576 553
576 554
576 555
576 571
576 572
576 556
576 573
576 575
576 577
576 559
576 560
576 561
576 562
576 563
576 564
576 5084
576 566
576 5085
576 567
576 568
577 553
577 3927
577 554
577 555
577 571
577 572
577 556
577 573
577 575
577 576
577 559
577 560
577 561
577 562
577 563
577 564
577 566
577 567
577 568
578 553
578 554
578 555
578 1553
578 1554
578 575
578 1555
578 559
578 560
578 561
578 1556
578 562
578 563
578 564
578 566
578 567
578 568
579 553
579 554
579 555
579 575
579 1557
579 1558
579 1559
579 559
579 560
579 561
579 1560
579 562
579 563
579 564
579 566
579 1561
579 567
579 568
580 553
580 554
580 555
580 632
580 1562
580 1563
580 575
580 608
580 559
580 560
580 1564
580 561
580 562
580 563
580 564
580 566
580 567
580 568
581 553
581 554
581 555
581 1565
581 1566
581 575
581 1567
581 609
581 636
581 559
581 560
581 561
581 562
581 563
581 564
581 1568
581 566
581 1569
581 1570
581 567
581 568
581 1571
582 553
582 554
582 555
582 633
582 606
582 1572
582 1573
582 559
582 560
582 561
582 1574
582 562
582 563
582 564
582 566
582 567
582 568
583 553
583 5246
583 554
583 555
583 633
583 606
583 5247
583 575
583 5248
583 5249
583 559
583 560
583 561
583 562
583 563
583 564
583 566
583 567
583 568
584 560
585 555
585 6080
585 7222
585 5987
585 1697
585 560
585 597
585 5989
585 3865
586 2649
586 4366
586 7090
586 578
586 580
586 9632
586 7465
586 560
586 572
586 581
586 324
586 597
586 2921
586 140
586 2691
587 552
587 3004
587 2904
587 8826
587 7515
587 4261
587 7486
587 560
587 8280
587 2921
588 2491
588 552
588 5335
588 3853
588 2904
588 1224
588 41
588 266
588 8826
588 8113
588 7438
588 2492
588 7439
588 8284
588 7218
588 4261
588 7486
588 6453
588 560
588 8816
588 2331
588 4941
588 6193
589 2491
589 5335
589 2173
589 41
589 266
589 2492
589 560
589 2331
589 4941
590 5448
590 560
590 5562
591 6080
591 7222
591 4146
591 1697
591 560
591 4109
591 6312
591 8292
592 2648
592 5069
592 8816
592 2271
592 8738
592 5731
592 5314
592 2649
592 4982
592 317
592 7818
592 520
592 5007
592 8456
592 6514
592 9625
592 5854
592 8457
592 2917
592 3841
592 5070
592 5067
592 9482
592 5118
592 2731
592 7211
592 6451
592 3337
592 8284
592 6000
592 7515
592 6325
592 2290
592 5356
592 6187
592 3807
592 5071
592 2664
592 2480
592 560
592 5988
592 5072
592 5297
592 8280
592 5410
592 2272
592 6735
592 4963
592 2921
592 2922
592 5127
592 5992
592 9581
592 2944
592 7213
593 4638
593 2232
593 2442
593 5448
593 627
593 1544
593 8587
593 6324
593 4639
593 6689
593 560
593 7176
593 4340
594 8850
594 4982
594 2731
594 320
594 2921
594 2642
594 4110
596 2232
596 6447
596 1855
596 789
596 3002
596 7724
596 4264
596 2267
596 6448
596 1347
596 9277
596 3004
596 8851
596 1762
596 627
596 1544
596 628
596 1385
596 5067
596 5212
596 9724
596 8334
596 623
596 4508
596 312
596 4509
596 8284
596 6302
596 3158
596 4261
596 1899
596 320
596 7486
596 5155
596 2664
596 6452
596 560
596 334
596 2674
596 315
596 597
596 3662
596 7900
596 5562
596 7602
596 7487
596 782
596 4511
596 6036
596 6455
596 4862
596 4512
596 2238
596 2642
596 7176
596 8281
596 1861
596 9895
597 555
597 2667
597 2693
597 2668
597 560
597 2669
597 2694
597 2670
597 2695
597 2679
597 2696
598 8408
598 553
598 8409
598 554
598 5083
598 555
598 8410
598 8411
598 559
598 8212
598 8213
598 561
598 562
598 563
598 564
598 5084
598 566
598 5085
598 567
598 568
599 553
599 554
599 555
599 559
599 561
599 562
599 563
599 564
599 566
599 567
599 568
600 553
600 8204
600 554
600 555
600 8205
600 8206
600 8207
600 559
600 560
600 8208
600 561
600 562
600 8209
600 563
600 564
600 566
600 567
600 568
600 8210
601 8408
601 553
601 8409
601 554
601 555
601 8410
601 8411
601 559
601 8212
601 8213
601 561
601 562
601 563
601 564
601 5084
601 566
601 5085
601 567
601 568
601 8214
602 553
602 554
602 555
602 8218
602 8211
602 559
602 561
602 8219
602 562
602 563
602 564
602 8220
602 566
602 567
602 568
603 553
603 554
603 555
603 863
603 864
603 559
603 865
603 561
603 562
603 563
603 564
603 566
603 567
603 568
604 553
604 554
604 555
604 605
604 606
604 575
604 607
604 608
604 609
604 559
604 561
604 562
604 597
604 563
604 610
604 564
604 611
604 566
604 567
604 568
605 604
605 553
605 554
605 555
605 606
605 575
605 607
605 608
605 609
605 559
605 561
605 562
605 597
605 563
605 610
605 564
605 611
605 566
605 567
605 568
606 604
606 553
606 554
606 555
606 605
606 575
606 607
606 608
606 609
606 559
606 561
606 562
606 597
606 563
606 610
606 564
606 611
606 566
606 567
606 568
607 604
607 553
607 554
607 555
607 605
607 606
607 575
607 608
607 609
607 559
607 561
607 562
607 597
607 563
607 610
607 564
607 611
607 566
607 567
607 568
608 604
608 553
608 554
608 555
608 605
608 606
608 623
608 575
608 607
608 609
608 559
608 561
608 562
608 597
608 563
608 610
608 564
608 611
608 566
608 567
608 568
609 604
609 553
609 554
609 555
609 605
609 606
609 575
609 607
609 608
609 559
609 561
609 562
609 597
609 563
609 610
609 564
609 611
609 566
609 567
609 568
610 604
610 553
610 554
610 555
610 605
610 606
610 575
610 607
610 608
610 609
610 559
610 561
610 562
610 597
610 563
610 564
610 611
610 566
610 567
610 568
611 604
611 553
611 554
611 555
611 605
611 606
611 575
611 607
611 608
611 609
611 559
611 561
611 562
611 597
611 563
611 610
611 564
611 566
611 567
611 568
612 553
612 5072
612 554
612 555
612 613
612 5073
612 5074
612 5075
612 614
612 615
612 559
612 561
612 562
612 616
612 563
612 564
612 566
612 567
612 568
612 617
612 5076
613 612
613 553
613 554
613 555
613 5077
613 5078
613 614
613 615
613 559
613 561
613 562
613 616
613 563
613 564
613 566
613 567
613 568
613 617
614 612
614 553
614 554
614 5083
614 555
614 613
614 615
614 559
614 561
614 562
614 616
614 563
614 564
614 5084
614 566
614 5085
614 567
614 568
614 617
615 612
615 553
615 554
615 555
615 5086
615 613
615 614
615 559
615 602
615 561
615 562
615 616
615 5087
615 563
615 564
615 566
615 567
615 568
615 617
616 612
616 553
616 554
616 555
616 613
616 614
616 615
616 559
616 561
616 562
616 624
616 563
616 564
616 566
616 567
616 568
616 617
617 612
617 553
617 554
617 555
617 5088
617 613
617 614
617 615
617 559
617 561
617 562
617 616
617 563
617 564
617 566
617 567
617 568
617 5089
618 551
618 552
618 553
618 554
618 555
618 556
618 557
618 558
618 559
618 560
618 561
618 562
618 563
618 564
618 565
618 566
618 567
618 568
618 569
619 551
619 552
619 553
619 554
619 555
619 556
619 557
619 558
619 559
619 560
619 561
619 562
619 563
619 564
619 565
619 566
619 567
619 568
619 569
620 553
620 554
620 555
620 621
620 622
620 559
620 561
620 562
620 563
620 564
620 566
620 567
620 568
621 553
621 554
621 555
621 620
621 622
621 559
621 561
621 562
621 563
621 564
621 566
621 567
621 568
622 553
622 554
622 555
622 620
622 621
622 559
622 561
622 562
622 563
622 564
622 566
622 567
622 568
623 7716
623 7717
623 8283
624 612
624 553
624 554
624 555
624 613
624 614
624 615
624 559
624 561
624 562
624 616
624 563
624 564
624 566
624 567
624 568
624 617
625 4982
625 317
625 555
625 626
625 627
625 628
625 600
625 629
625 6325
625 4261
625 7486
625 630
625 6662
625 559
625 5074
625 560
625 602
625 561
625 562
625 631
625 563
625 564
625 4963
625 566
625 568
626 625
626 317
626 555
626 627
626 628
626 600
626 629
626 630
626 559
626 602
626 561
626 562
626 631
626 563
626 564
626 566
626 568
627 8196
627 8197
627 8198
627 8199
627 8200
627 560
627 8201
628 8202
628 8203
629 625
629 555
629 626
629 627
629 628
629 600
629 630
629 559
629 602
629 561
629 562
629 631
629 563
629 564
629 566
629 568
630 625
630 555
630 626
630 627
630 628
630 600
630 629
630 601
630 8211
630 559
630 8212
630 8213
630 602
630 561
630 562
630 631
630 563
630 564
630 566
630 568
630 8214
631 625
631 555
631 626
631 627
631 628
631 8221
631 600
631 629
631 8222
631 630
631 559
631 602
631 561
631 562
631 563
631 564
631 566
631 568
632 551
632 552
632 553
632 554
632 555
632 556
632 557
632 558
632 559
632 560
632 561
632 562
632 563
632 564
632 565
632 566
632 567
632 568
632 569
633 551
633 552
633 553
633 554
633 555
633 556
633 557
633 558
633 559
633 560
633 561
633 562
633 563
633 564
633 565
633 566
633 567
633 568
633 569
634 551
634 552
634 553
634 554
634 555
634 556
634 557
634 558
634 559
634 560
634 561
634 562
634 563
634 564
634 565
634 566
634 567
634 568
634 569
635 551
635 552
635 553
635 554
635 555
635 556
635 557
635 558
635 559
635 560
635 561
635 562
635 563
635 564
635 565
635 566
635 567
635 568
635 569
636 551
636 552
636 553
636 554
636 555
636 556
636 557
636 558
636 559
636 560
636 561
636 562
636 563
636 564
636 565
636 566
636 567
636 568
636 569
637 638
637 639
637 640
637 641
637 642
637 643
637 644
639 645
639 646
639 647
639 648
639 649
639 638
639 650
639 651
639 652
639 640
639 653
639 654
639 655
639 656
639 657
639 658
639 659
639 642
639 660
639 661
639 643
640 662
640 663
640 664
640 665
640 666
640 667
640 668
640 669
640 670
640 671
640 643
640 672
641 673
641 674
641 675
641 676
641 677
641 678
641 638
641 679
641 680
641 681
641 682
641 639
641 640
641 657
641 683
641 642
641 643
641 684
641 685
642 674
642 686
642 687
642 688
642 678
642 638
642 680
642 681
642 689
642 690
642 639
642 640
642 691
642 692
642 641
642 693
642 694
642 643
642 695
642 696
642 644
642 697
643 698
643 699
643 700
643 701
643 702
643 703
643 704
643 705
643 706
643 707
643 708
643 709
643 710
643 682
643 711
643 712
643 713
643 714
643 715
643 716
643 717
643 718
643 719
643 720
643 721
643 722
643 723
643 724
643 725
643 726
643 727
643 685
644 728
644 638
644 640
644 641
644 729
644 730
644 642
644 643
644 731
644 732
645 638
645 639
645 640
645 641
645 642
645 643
645 644
646 638
646 639
646 640
646 641
646 642
646 643
646 644
647 638
647 639
647 640
647 641
647 8466
647 642
647 643
647 644
648 638
648 639
648 640
648 641
648 642
648 643
648 644
649 638
649 639
649 640
649 641
649 642
649 643
649 644
650 638
650 639
650 640
650 641
650 642
650 643
650 644
651 638
651 639
651 640
651 641
651 642
651 643
651 644
652 638
652 639
652 640
652 641
652 642
652 643
652 644
653 3521
653 638
653 639
653 640
653 641
653 642
653 643
653 644
654 686
654 678
654 638
654 639
654 640
654 641
654 8466
654 642
654 643
654 644
655 638
655 639
655 640
655 641
655 642
655 643
655 644
656 638
656 639
656 640
656 641
656 642
656 643
656 644
656 697
657 638
657 639
657 640
657 641
657 642
657 643
657 644
658 4530
658 643
659 678
659 638
659 639
659 640
659 692
659 641
659 642
659 643
659 644
660 638
660 639
660 640
660 641
660 642
660 643
660 644
661 8422
661 678
661 638
661 639
661 640
661 641
661 642
661 643
661 644
662 664
662 5902
662 670
662 1589
662 643
663 7910
663 1584
663 9299
663 9300
663 640
663 7912
663 9301
663 9302
664 662
664 663
664 666
664 667
664 668
664 670
664 671
664 643
664 1590
664 672
665 7780
665 662
665 664
665 8823
665 7786
665 123
665 4779
665 3821
665 3052
665 7913
665 6143
665 670
665 642
665 1649
665 643
665 3822
665 7805
666 7791
666 5770
666 7970
666 1651
666 5771
666 672
666 5772
667 6721
667 6722
667 6723
667 6729
667 6725
667 6726
667 6727
667 6728
668 3810
668 665
668 3811
668 3817
668 3823
668 8045
668 3812
668 640
668 3813
668 3814
668 3815
668 3816
668 671
668 643
668 3819
668 672
669 663
669 666
669 1587
669 1646
669 1098
669 667
669 1647
669 668
669 1589
669 671
669 1648
669 1649
669 643
669 1590
669 1591
669 1650
669 672
670 662
670 664
670 666
670 667
670 668
670 643
670 1591
670 672
671 7910
671 665
671 7911
671 666
671 640
671 667
671 7912
671 7913
671 668
671 7914
671 7915
671 672
672 663
672 9591
672 1594
672 6736
672 9592
672 123
672 1588
672 9303
672 640
672 9593
672 9594
672 9595
672 671
672 643
672 1602
673 4679
673 4680
673 4681
673 7190
675 698
675 9527
675 9528
675 704
675 9529
675 705
675 706
675 713
675 9530
675 9531
675 719
675 720
675 9532
675 643
675 726
676 6250
676 1549
677 9533
677 703
677 9534
677 9535
677 9536
677 9537
677 9538
677 9539
677 9540
677 9541
677 9542
677 9543
677 9544
677 9545
677 643
677 684
677 9546
678 8422
678 638
678 4635
678 8423
678 4354
678 680
678 640
678 692
678 641
678 654
678 655
678 656
678 659
678 642
678 643
678 697
679 844
679 845
679 846
679 847
679 848
679 849
679 850
680 678
680 638
680 681
680 639
680 640
680 641
680 642
680 643
680 644
680 697
681 682
681 640
681 641
681 642
681 643
683 677
683 7786
683 851
683 4779
683 8180
683 4683
683 3052
683 9551
683 7802
683 643
683 7803
683 3822
683 7805
684 703
684 9550
684 675
684 677
684 9536
684 9537
684 9538
684 9540
684 9541
684 9542
684 9551
684 9543
684 643
684 9546
685 698
685 1556
685 699
685 9527
685 703
685 3711
685 9253
685 3713
685 3714
685 1578
685 705
685 706
685 707
685 1579
685 4685
685 3716
685 5892
685 657
685 690
685 712
685 713
685 3077
685 9530
685 3717
685 716
685 5902
685 718
685 719
685 1535
685 3719
685 720
685 721
685 9141
685 722
685 5862
685 723
685 724
685 725
685 2090
685 3073
685 643
685 726
685 727
685 8555
686 4779
686 3052
686 8464
686 8466
686 642
686 643
687 638
687 640
687 3992
687 3993
687 3994
687 9868
687 642
687 694
687 643
687 3995
687 672
687 695
687 1602
687 697
688 638
688 1777
688 1778
688 640
688 1779
688 642
688 1780
688 643
689 749
689 752
689 745
689 757
689 782
689 758
689 759
689 761
689 783
689 784
689 763
689 765
689 767
689 785
689 786
689 5902
689 772
689 775
689 787
689 788
690 2189
690 2190
691 9245
691 9246
691 9247
691 9248
691 9249
691 9250
691 643
691 9251
691 9252
692 7786
692 9987
692 4779
692 9988
692 9985
692 642
692 9986
692 643
692 4636
693 8358
693 8366
693 8359
693 8360
693 8365
693 3076
693 8361
693 8362
693 3891
693 8363
693 8364
693 643
694 1093
694 1094
694 1095
694 1096
694 1097
694 1098
694 1099
694 1100
694 1101
694 642
694 643
695 6982
695 4366
695 7916
695 4367
695 640
695 4368
695 4369
695 7917
695 4370
695 4355
695 4371
695 4372
695 2121
695 643
695 4373
695 4374
696 8528
696 8529
696 9528
696 8530
696 8531
696 8532
696 8533
696 8534
696 8535
696 8536
696 8537
696 8538
696 8539
696 8540
696 690
696 8541
696 3076
696 8542
696 716
696 8543
696 5086
696 693
696 5902
696 8544
696 3068
696 718
696 5853
696 8545
696 8546
696 8547
696 8548
696 8549
696 8550
696 8502
696 8551
696 8552
696 643
696 8553
696 5083
696 8554
696 8555
697 5081
697 3521
697 9575
697 6237
697 638
697 4354
697 3997
697 3998
697 1592
697 1096
697 8544
697 5082
697 3999
697 4355
697 8507
697 3070
697 3071
697 642
697 3073
697 9624
698 699
698 702
698 703
698 704
698 705
698 706
698 707
698 1579
698 4685
698 710
698 5892
698 712
698 713
698 716
698 717
698 5902
698 718
698 719
698 720
698 722
698 5862
698 723
698 724
698 725
698 3073
698 643
698 726
698 727
698 5899
698 685
699 4615
699 4616
699 4617
699 4618
699 4619
699 4620
699 4621
699 4622
699 4623
699 4624
699 4625
699 4626
699 4627
699 4628
699 4629
699 4630
699 4631
699 4632
699 4633
699 4634
699 4635
699 4636
699 4637
699 4638
699 4639
699 717
699 4640
699 4641
699 4642
699 4643
699 4644
699 4645
699 4646
699 4647
699 4648
699 4649
699 4650
699 643
699 4651
699 4652
699 4653
700 717
701 815
701 816
701 817
701 818
701 819
701 820
701 643
701 821
701 822
701 823
703 698
703 3703
703 699
703 3704
703 3705
703 677
703 705
703 3706
703 2984
703 706
703 707
703 9536
703 9537
703 712
703 8542
703 713
703 714
703 2986
703 9538
703 2966
703 9542
703 2988
703 719
703 2976
703 2989
703 720
703 3707
703 2990
703 3708
703 722
703 723
703 724
703 725
703 643
703 2971
703 2968
703 2977
703 3709
703 726
703 727
703 684
703 2969
703 685
704 702
704 6548
705 9526
705 698
705 1556
705 699
705 3710
705 9527
705 702
705 703
705 3711
705 9253
705 3712
705 3713
705 3714
705 1578
705 8613
705 704
705 9529
705 706
705 3715
705 707
705 4685
705 1558
705 6116
705 3716
705 657
705 690
705 712
705 713
705 9530
705 3717
705 716
705 5902
705 718
705 3718
705 719
705 1567
705 1535
705 3719
705 720
705 721
705 9141
705 722
705 723
705 724
705 725
705 2090
705 3720
705 643
705 726
705 727
705 8555
705 685
706 698
706 699
706 703
706 705
706 707
706 9547
706 712
706 713
706 9548
706 719
706 720
706 722
706 723
706 724
706 725
706 643
706 9549
706 726
706 727
706 685
707 698
707 699
707 703
707 4681
707 9528
707 705
707 706
707 1579
707 4685
707 3716
707 710
707 5892
707 712
707 713
707 714
707 716
707 717
707 5902
707 718
707 719
707 4687
707 720
707 2084
707 722
707 5862
707 723
707 724
707 725
707 3721
707 3073
707 643
707 726
707 727
707 5899
707 685
708 6016
708 6017
708 3716
708 6018
708 6019
709 701
709 9527
709 3732
709 5867
709 1584
709 703
709 9253
709 675
709 4193
709 9502
709 3713
709 3714
709 8532
709 8533
709 8613
709 704
709 9535
709 1880
709 3715
709 3067
709 1579
709 6116
709 6737
709 9503
709 3416
709 3716
709 657
709 690
709 8541
709 3076
709 7942
709 9530
709 6248
709 8543
709 691
709 717
709 3751
709 8547
709 2255
709 1567
709 1535
709 6143
709 2620
709 9141
709 7943
709 7944
709 694
709 3073
709 643
709 9504
709 8554
709 672
709 3735
709 695
709 696
709 5899
709 8555
710 3724
710 3725
710 3726
710 3727
710 3728
710 3729
710 643
710 3730
711 4608
711 4662
711 4663
711 4664
711 4665
711 4666
711 4667
711 4668
711 4669
711 4670
711 717
711 4671
711 4672
711 4673
711 4674
711 4675
711 4676
711 4677
711 4678
711 4614
711 4679
712 3731
712 704
712 709
712 690
712 716
712 5902
712 718
712 5853
712 8549
713 698
713 3703
713 699
713 3710
713 3732
713 3733
713 702
713 703
713 728
713 9528
713 3713
713 3714
713 8532
713 1578
713 8613
713 704
713 705
713 706
713 707
713 3734
713 4685
713 8539
713 3716
713 690
713 8541
713 712
713 3076
713 8542
713 3077
713 714
713 9530
713 3717
713 6248
713 716
713 691
713 5902
713 718
713 5082
713 719
713 1535
713 720
713 722
713 5862
713 723
713 724
713 725
713 3073
713 643
713 3709
713 3735
713 726
713 696
713 727
713 8555
713 685
714 6002
714 6003
714 6004
714 704
714 4022
714 708
714 6005
714 6006
714 682
714 5902
714 5853
714 6007
714 6008
714 6009
714 6010
714 6011
714 6012
714 643
714 6013
714 6014
714 6015
715 704
715 716
715 5902
715 5853
715 643
716 4681
716 4683
716 4684
716 4685
716 4686
716 682
716 712
716 8491
716 717
716 718
716 4687
716 8492
716 643
716 4692
716 6427
717 4608
717 698
717 699
717 4663
717 703
717 3736
717 4681
717 4664