1 1
1 2
1 5
1 6
1 7
1 3
1 8
1 4
2 396
2 397
2 419
2 398
2 399
2 400
2 50
2 401
2 402
3 396
5 1
5 9
5 10
5 11
5 12
5 13
5 14
5 15
5 16
5 17
5 18
5 19
5 7
5 8
6 1
6 20
6 12
6 13
6 21
6 22
6 23
6 24
6 25
6 7
6 8
7 1
7 5
7 26
7 27
7 23
7 28
7 29
7 30
7 18
7 31
7 32
7 8
8 1
8 5
8 33
8 34
8 35
8 21
8 36
8 37
8 32
8 7
9 7
9 8
9 9
9 21
9 10
9 11
9 200
9 12
9 13
10 1
10 405
10 5
10 26
10 12
10 13
10 27
10 416
10 168
10 23
10 28
10 24
10 17
10 169
10 29
10 170
10 171
10 384
10 30
10 18
10 19
10 32
10 7
10 8
11 5
11 123
11 9
11 10
11 172
11 131
11 163
11 219
11 173
11 256
11 21
11 14
11 22
11 292
11 399
11 24
11 15
11 69
11 174
11 169
11 155
11 175
11 170
11 176
11 269
11 32
11 408
11 7
11 8
11 177
12 1
12 5
12 315
12 178
12 179
12 7
12 8
13 1
13 5
13 10
13 180
13 95
13 181
13 407
13 16
13 182
13 304
13 105
13 183
13 184
13 19
13 7
13 8
14 185
15 370
15 395
15 186
15 187
15 371
15 21
15 22
15 23
15 373
15 375
15 376
16 1
16 5
16 29
16 7
16 8
17 1
17 5
17 208
17 11
17 188
17 292
17 69
17 200
17 7
17 8
18 1
18 5
18 412
18 390
18 413
18 414
18 415
18 416
18 417
18 418
18 419
18 420
18 421
18 422
18 389
18 13
18 7
18 8
19 1
19 5
19 7
19 8
20 1
20 10
20 26
20 12
20 13
20 27
20 21
20 22
20 23
20 28
20 25
20 384
20 18
20 19
20 7
20 8
22 257
22 258
22 259
22 260
22 261
23 1
23 5
23 385
23 386
23 387
23 388
23 389
23 7
23 8
24 1
24 5
24 68
24 69
24 70
24 71
24 421
24 23
24 169
24 170
24 176
24 13
24 32
24 7
24 72
24 8
25 1
25 10
25 20
25 26
25 220
25 208
25 12
25 13
25 21
25 22
25 188
25 23
25 28
25 69
25 384
25 19
25 7
25 8
26 1
26 5
26 9
26 10
26 181
26 437
26 172
26 182
26 163
26 439
26 183
26 256
26 27
26 416
26 24
26 185
26 184
26 200
26 169
26 29
26 170
26 171
26 30
26 114
26 18
26 31
26 7
26 329
26 8
27 1
27 5
27 332
27 333
27 131
27 334
27 335
27 336
27 337
27 338
27 320
27 339
27 340
27 341
27 7
27 8
28 1
28 405
28 5
28 10
28 181
28 437
28 172
28 182
28 178
28 183
28 69
28 27
28 416
28 187
28 292
28 24
28 184
28 169
28 179
28 29
28 188
28 170
28 171
28 30
28 114
28 18
28 31
28 32
28 7
28 8
29 1
29 5
29 333
29 131
29 190
29 191
29 27
29 192
29 193
29 194
29 18
29 7
29 8
30 1
30 5
30 200
30 68
30 201
30 202
30 203
30 204
30 205
30 206
30 207
30 208
30 209
30 210
30 211
30 32
30 7
30 72
30 8
31 1
31 5
31 10
31 181
31 172
31 182
31 390
31 178
31 319
31 208
31 183
31 69
31 132
31 27
31 168
31 22
31 187
31 192
31 95
31 399
31 23
31 194
31 24
31 222
31 184
31 27
31 265
31 169
31 443
31 304
31 326
31 179
31 170
31 329
31 18
31 32
31 7
31 329
31 8
31 177
32 1
32 5
32 9
32 10
32 131
32 347
32 21
32 22
32 23
32 24
32 69
32 195
32 265
32 71
32 7
33 182
33 183
33 15
33 184
33 185
34 1
34 5
34 32
34 7
34 8
35 1
35 5
35 32
35 7
35 8
36 1
36 5
36 48
36 32
36 7
36 8
38 39
38 40
38 41
