1 1
1 2
1 5
1 6
1 7
1 3
1 8
1 4
2 1523
2 1524
2 6430
2 1525
2 1526
2 1527
2 1111
2 1528
2 1529
3 4243
5 1
5 9
5 10
5 11
5 12
5 13
5 14
5 15
5 16
5 17
5 18
5 19
5 7
5 8
6 1
6 20
6 12
6 13
6 21
6 22
6 23
6 24
6 25
6 7
6 8
7 1
7 5
7 26
7 27
7 23
7 28
7 29
7 30
7 18
7 31
7 32
7 8
8 1
8 5
8 33
8 34
8 35
8 21
8 36
8 37
8 32
8 7
9 5217
9 5218
9 5219
9 21
9 5220
9 5221
9 6405
9 5222
9 5223
10 1
10 4199
10 5
10 26
10 12
10 13
10 27
10 5981
10 6443
10 23
10 28
10 24
10 17
10 6444
10 29
10 6445
10 6446
10 5949
10 30
10 18
10 19
10 32
10 7
10 8
11 5
11 3310
11 9
11 10
11 6447
11 3318
11 3346
11 3790
11 6448
11 3278
11 21
11 14
11 22
11 6501
11 1464
11 24
11 15
11 1390
11 6449
11 6444
11 3342
11 6450
11 6445
11 6451
11 1784
11 32
11 1473
11 7
11 8
11 6452
12 1
12 5
12 129
12 6453
12 6454
12 7
12 8
13 1
13 5
13 10
13 6455
13 483
13 6456
13 5972
13 16
13 6457
13 118
13 493
13 6458
13 6459
13 19
13 7
13 8
14 6460
15 5935
15 5960
15 6461
15 6462
15 5936
15 21
15 22
15 23
15 5938
15 5940
15 5941
16 1
16 5
16 29
16 7
16 8
17 1
17 5
17 3556
17 11
17 6463
17 6501
17 1390
17 6405
17 7
17 8
18 1
18 5
18 5977
18 5955
18 5978
18 5979
18 5980
18 5981
18 5982
18 5983
18 5984
18 5985
18 5986
18 5987
18 5954
18 5223
18 7
18 8
19 1
19 5
19 7
19 8
20 1
20 10
20 26
20 12
20 13
20 27
20 21
20 22
20 23
20 28
20 25
20 5949
20 18
20 19
20 7
20 8
22 2218
22 2219
22 2220
22 2221
22 2222
23 1
23 5
23 5950
23 5951
23 5952
23 5953
23 5954
23 7
23 8
24 1
24 5
24 274
24 275
24 276
24 277
24 5986
24 6071
24 6444
24 6445
24 6451
24 5223
24 32
24 7
24 278
24 8
25 1
25 10
25 20
25 26
25 5995
25 3556
25 12
25 13
25 21
25 22
25 6463
25 23
25 28
25 1390
25 5949
25 19
25 7
25 8
26 1
26 5
26 9
26 10
26 5403
26 4049
26 6447
26 5404
26 3346
26 4051
26 5405
26 3278
26 27
26 5981
26 24
26 3306
26 5406
26 6405
26 6444
26 29
26 6445
26 6446
26 30
26 3301
26 18
26 31
26 7
26 1274
26 8
27 1
27 5
27 1434
27 1435
27 3318
27 1436
27 1437
27 1438
27 1439
27 1440
27 3998
27 1441
27 1442
27 1443
27 7
27 8
28 1
28 4199
28 5
28 10
28 5403
28 4049
28 6447
28 5404
28 6453
28 5405
28 275
28 27
28 5981
28 5409
28 6501
28 24
28 5406
28 6444
28 6454
28 29
28 5410
28 6445
28 6446
28 30
28 3301
28 18
28 31
28 32
28 7
28 8
29 1
29 5
29 1435
29 3318
29 5412
29 5413
29 27
29 5414
29 5415
29 5416
29 18
29 7
29 8
30 1
30 5
30 5422
30 274
30 5423
30 5424
30 5425
30 5426
30 5427
30 5428
30 5429
30 5430
30 5431
30 5432
30 5433
30 32
30 7
30 278
30 8
31 1
31 5
31 10
31 5403
31 6447
31 5404
31 5955
31 6453
31 133
31 3556
31 5405
31 275
31 1184
31 27
31 6443
31 22
31 5409
31 2788
31 483
31 1464
31 23
31 4599
31 24
31 5337
31 5406
31 3610
31 5351
31 6444
31 1219
31 118
31 140
31 6454
31 6445
31 143
31 18
31 32
31 7
31 1274
31 8
31 6452
32 1
32 5
32 9
32 10
32 3318
32 1449
32 21
32 22
32 23
32 24
32 1390
32 3382
32 5351
32 4133
32 7
33 5008
33 5009
33 3008
33 5010
33 5011
34 1
34 5
34 32
34 7
34 8
35 1
35 5
35 32
35 7
35 8
36 1
36 5
36 2760
36 32
36 7
36 8
38 39
38 40
38 41
38 42
38 43
38 44
38 45
38 46
38 47
38 48
40 38
40 39
40 49
40 50
40 51
40 41
40 52
40 42
40 53
40 54
40 55
40 56
40 57
40 58
40 59
40 60
40 43
40 44
40 61
40 62
40 45
40 63
40 46
40 64
40 65
40 66
40 67
40 68
40 47
40 48
41 69
41 70
41 71
41 72
41 73
41 74
41 75
41 76
41 77
41 78
41 79
41 80
41 81
41 82
41 83
41 84
41 85
41 86
41 87
41 88
41 89
41 90
41 91
41 92
42 38
42 39
42 49
42 40
42 93
42 41
42 52
42 54
42 94
42 55
42 56
42 57
42 43
42 44
42 95
42 45
42 46
42 64
42 96
42 97
42 68
42 47
42 48
43 38
43 39
43 40
43 41
43 52
43 42
43 94
43 57
43 44
43 95
43 45
43 46
43 96
43 67
43 68
43 47
43 48
44 38
44 39
44 49
44 50
44 51
44 40
44 93
44 41
44 52
44 42
44 53
44 94
44 57
44 58
44 60
44 43
44 61
44 62
44 45
44 63
44 46
44 96
44 65
44 47
44 48
45 98
45 39
45 99
45 40
45 41
45 42
45 100
45 101
45 102
45 103
45 104
45 43
45 44
45 105
45 106
45 107
45 46
45 108
45 47
45 48
45 109
46 38
46 39
46 49
46 50
46 51
46 40
46 93
46 41
46 52
46 42
46 53
46 54
46 94
46 55
46 56
46 57
46 58
46 59
46 60
46 43
46 44
46 61
46 62
46 95
46 45
46 63
46 64
46 96
46 65
46 66
46 97
46 67
46 68
46 47
46 48
47 38
47 39
47 49
47 50
47 51
47 40
47 93
47 41
47 52
47 42
47 53
47 54
47 57
47 58
47 60
47 43
47 44
47 61
47 62
47 95
47 45
47 63
47 46
47 96
47 66
47 97
47 48
48 39
48 50
48 51
48 40
48 93
48 41
48 52
48 42
48 53
48 58
48 60
48 43
48 44
48 62
48 95
48 45
48 63
48 46
48 65
48 47
49 39
49 40
49 41
49 42
49 43
49 44
49 45
49 46
49 47
49 48
50 39
50 40
50 41
50 42
50 43
50 44
50 45
50 46
50 47
50 48
51 2491
51 39
51 5335
51 1620
51 2786
51 40
51 41
51 266
51 42
51 2492
51 560
51 43
51 44
51 45
51 4941
51 46
51 3150
51 47
51 48
52 39
52 40
52 41
52 42
52 54
52 43
52 44
52 45
52 46
52 96
52 47
52 48
53 39
53 40
53 41
53 2002
53 42
53 4914
53 43
53 44
53 45
53 510
53 46
53 2038
53 47
53 48
53 1629
54 6268
54 39
54 6275
54 6276
54 40
54 41
54 42
54 6273
54 43
54 44
54 45
54 6277
54 46
54 6278
54 47
54 48
55 39
55 1120
55 40
55 41
55 1121
55 1122
55 42
55 43
55 44
55 45
55 46
55 1123
55 47
55 48
56 39
56 40
56 41
56 42
56 2765
56 43
56 44
56 45
56 46
56 66
56 47
56 48
57 39
57 40
57 41
57 42
57 43
57 44
57 45
57 46
57 47
57 48
58 39
58 40
58 41
58 42
58 43
58 44
58 45
58 46
58 47
58 48
59 39
59 40
59 41
59 42
59 43
59 44
59 45
59 46
59 66
59 47
59 48
60 39
60 40
60 41
60 42
60 43
60 44
60 61
60 45
60 63
60 46
60 47
60 48
61 39
61 271
61 40
61 41
61 52
61 42
61 57
61 273
61 43
61 2027
61 44
61 45
61 46
61 97
61 47
61 48
62 5512
62 39
62 40
62 41
62 42
62 1516
62 5256
62 1520
62 43
62 44
62 45
62 46
62 1528
62 47
62 48
63 39
63 40
63 41
63 42
63 43
63 44
63 45
63 46
63 47
63 48
64 39
64 40
64 41
64 42
64 56
64 59
64 43
64 44
64 45
64 46
64 66
64 47
64 48
65 4539
65 4568
65 41
65 1529
65 4569
66 39
66 40
66 41
66 42
66 57
66 43
66 44
66 45
66 46
66 2785
66 47
66 48
67 39
67 40
67 41
67 42
67 43
67 44
67 45
67 46
67 47
67 48
68 39
68 40
68 41
68 4975
68 42
68 4976
68 43
68 44
68 4977
68 45
68 4978
68 46
68 47
68 48
69 70
69 1504
69 71
69 2661
69 72
69 3009
69 73
69 76
69 1516
69 77
69 78
69 79
69 1553
69 80
69 1520
69 5305
69 83
69 84
69 1554
69 87
69 88
69 2038
69 89
69 1528
69 1555
69 91
70 71
70 41
70 1556
71 69
71 70
71 1557
71 1558
71 72
71 73
71 40
71 76
71 52
71 1559
71 54
71 267
71 1560
71 77
71 1561
71 5485
71 78
71 79
71 273
71 80
71 2027
71 83
71 1562
71 84
71 1563
71 87
71 5097
71 88
71 1564
71 1235
71 89
71 108
71 91
72 2010
72 2011
72 2012
72 2013
72 2014
72 271
72 40
72 2015
72 2016
72 272
72 2017
72 2018
72 2019
72 2020
72 2021
72 6072
72 2022
72 2023
72 80
72 2024
72 2025
72 82
72 2005
72 2026
72 2027
72 2028
72 1551
72 274
72 2029
72 5654
72 2030
72 2031
72 3724
72 2032
72 2033
72 2034
72 2035
72 2036
72 2037
72 88
72 2038
72 2039
72 2112
73 69
73 70
73 71
73 72
73 76
73 77
73 6140
73 78
73 79
73 80
73 1568
73 83
73 1569
73 84
73 87
73 88
73 89
73 91
74 4809
74 41
74 4810
74 4811
74 4812
74 4813
74 4814
74 4815
74 4816
74 4817
75 41
75 4292
76 69
76 70
76 71
76 1570
76 5607
76 72
76 1571
76 73
76 272
76 1572
76 267
76 284
76 77
76 5611
76 78
76 79
76 2023
76 80
76 83
76 2788
76 2087
76 1573
76 84
76 2103
76 87
76 5097
76 88
76 89
76 108
76 91
77 69
77 70
77 1220
77 71
77 5607
77 72
77 73
77 76
77 1572
77 1258
77 78
77 79
77 80
77 2027
77 83
77 84
77 1563
77 87
77 88
77 89
77 91
78 445
78 69
78 70
78 1574
78 71
78 1575
78 3730
78 72
78 73
78 269
78 6067
78 76
78 2002
78 1576
78 1577
78 4914
78 3723
78 77
78 2020
78 1686
78 1578
78 6072
78 1454
78 79
78 1579
78 80
78 2300
78 4565
78 1580
78 83
78 84
78 5649
78 1581
78 2055
78 5654
78 3724
78 6133
78 87
78 1582
78 4843
78 88
78 2038
78 89
78 2112
78 2111
78 91
78 1583
79 69
79 70
79 1584
79 71
79 1585
79 2786
79 1586
79 72
79 271
79 73
79 74
79 40
79 1587
79 76
79 2002
79 1576
79 1588
79 4914
79 1516
79 77
79 1589
79 78
79 80
79 82
79 1590
79 2027
79 83
79 84
79 5649
79 1563
79 1591
79 1592
79 87
79 88
79 2038
79 89
79 270
79 1593
79 91
80 1596
80 1597
80 41
80 1598
80 1599
80 1600
80 1601
80 270
81 74
81 41
81 588
82 2012
82 965
82 966
82 41
82 4386
82 967
82 968
82 969
82 6072
82 970
82 971
82 5654
82 972
82 973
82 974
82 1583
83 69
83 70
83 1218
83 1618
83 71
83 1619
83 1620
83 1621
83 72
83 73
83 93
83 76
83 4923
83 52
83 1622
83 1623
83 284
83 1624
83 77
83 5611
83 78
83 79
83 80
83 1625
83 1626
83 1573
83 84
83 2666
83 1627
83 1628
83 87
83 88
83 89
83 1629
83 91
84 69
84 70
84 71
84 1586
84 72
84 73
84 76
84 77
84 78
84 79
84 80
84 83
84 87
84 88
84 89
84 1593
84 91
85 74
85 41
86 41
86 81
86 3199
87 69
87 70
87 71
87 72
87 73
87 76
87 77
87 78
87 79
87 80
87 83
87 84
87 88
87 89
87 1593
87 91
88 69
88 1630
88 70
88 71
88 72
88 73
88 1587
88 76
88 1588
88 77
88 1631
88 78
88 79
88 80
88 2027
88 83
88 84
88 5649
88 1592
88 87
88 89
88 91
89 69
89 70
89 1504
89 71
89 2786
89 2661
89 4803
89 72
89 73
89 76
89 4914
89 267
89 1529
89 77
89 1632
89 78
89 79
89 80
89 1633
89 2027
89 4565
89 83
89 2788
89 2028
89 84
89 2055
89 1232
89 3439
89 3724
89 3440
89 6133
89 87
89 5097
89 2616
89 2037
89 88
89 2088
89 108
89 3446
89 91
90 69
90 70
90 71
90 72
90 73
90 269
90 76
90 77
90 78
90 79
90 80
90 83
90 84
90 87
90 88
90 89
90 91
91 69
91 70
91 1584
91 1646
91 71
91 1647
91 1648
91 1649
91 72
91 1650
91 73
91 76
91 77
91 1651
91 78
91 79
91 2624
91 2109
91 80
91 83
91 1652
91 4541
91 84
91 4542
91 1653
91 3006
91 1654
91 1446
91 87
91 88
91 1616
91 89
91 4543
91 2622
91 3114
92 3194
92 41
92 272
92 366
92 1686
92 1589
92 3195
92 3196
92 3197
92 3198
92 3199
92 3200
92 3201
93 39
93 40
93 41
93 42
93 43
93 44
93 45
93 46
93 47
93 48
94 39
94 2231
94 40
94 41
94 42
94 43
94 44
94 45
94 46
94 47
94 48
95 39
95 40
95 41
95 42
95 43
95 44
95 45
95 46
95 47
95 48
96 39
96 40
96 41
96 42
96 94
96 43
96 44
96 45
96 46
96 47
96 48
97 39
97 40
97 41
97 42
97 43
97 44
97 45
97 46
97 47
97 48
98 39
98 1515
98 40
98 41
98 42
98 2771
98 57
98 43
98 44
98 45
98 46
98 64
98 47
98 48
99 39
99 40
99 41
99 42
99 2771
99 57
99 43
99 44
99 45
99 46
99 64
99 47
99 48
100 811
100 39
100 40
100 41
100 42
100 2771
100 5245
100 57
100 5246
100 43
100 44
100 45
100 46
100 64
100 47
100 48
101 39
101 1625
101 40
101 41
101 42
101 2771
101 57
101 43
101 44
101 45
101 46
101 64
101 1756
101 47
101 48
102 39
102 40
102 41
102 42
102 2771
102 57
102 5114
102 43
102 44
102 45
102 46
102 64
102 47
102 48
102 5113
103 39
103 40
103 41
103 42
103 559
103 2771
103 57
103 2784
103 43
103 44
103 45
103 46
103 64
103 47
103 48
104 39
104 40
104 41
104 42
104 2771
104 57
104 43
104 44
104 3376
104 45
104 46
104 64
104 2782
104 47
104 48
105 39
105 40
105 41
105 2803
105 42
105 2771
105 57
105 43
105 44
105 370
105 45
105 46
105 64
105 47
105 48
106 39
106 40
106 41
106 42
106 2771
106 57
106 3426
106 43
106 44
106 45
106 46
106 64
106 1349
106 47
106 48
107 39
107 40
107 41
107 42
107 2771
107 4148
107 1758
107 57
107 43
107 44
107 45
107 46
107 64
107 47
107 48
109 39
109 2911
109 40
109 41
109 42
109 2771
109 57
109 43
109 44
109 45
109 1510
109 2912
109 46
109 64
109 47
109 48
110 111
110 112
110 113
110 114
110 115
110 116
110 117
110 118
110 119
110 120
110 121
111 110
111 112
111 113
111 114
111 115
111 116
111 122
111 123
111 124
111 125
111 117
111 118
111 119
111 120
111 126
111 121
111 127
112 110
112 111
112 113
112 114
112 115
112 116
112 117
112 118
112 119
112 120
112 121
113 110
113 111
113 112
113 114
113 115
113 116
113 117
113 118
113 119
113 120
113 121
114 110
114 111
114 112
114 113
114 115
114 116
114 122
114 123
114 124
114 125
114 117
114 118
114 119
114 120
114 126
114 121
114 127
115 110
115 111
115 112
115 128
115 113
115 114
115 129
115 116
115 117
115 118
115 119
115 120
115 121
116 110
116 111
116 112
116 113
116 114
116 115
116 117
116 118
116 119
116 120
116 121
117 110
117 111
117 112
117 113
117 114
117 115
117 116
117 118
117 119
117 120
117 130
117 131
117 121
118 110
118 111
118 112
118 113
118 114
118 115
118 116
118 117
118 119
118 120
118 121
118 132
119 133
119 134
119 135
119 136
119 137
119 138
119 139
119 140
119 141
119 142
119 143
119 144
119 145
119 146
119 147
119 148
119 149
119 150
119 151
119 152
119 153
119 154
120 110
120 155
120 111
120 156
120 112
120 157
120 113
120 114
120 115
120 116
120 117
120 118
120 119
120 158
120 159
120 121
120 160
120 161
121 110
121 111
121 112
121 113
121 114
121 115
121 116
121 117
121 118
121 119
121 120
122 110
122 111
122 112
122 113
122 114
122 115
122 116
122 117
122 118
122 119
122 120
122 121
123 110
123 111
123 112
123 113
123 114
123 115
123 116
123 117
123 118
123 119
123 120
123 121
124 110
124 111
124 112
124 113
124 114
124 115
124 116
124 117
124 118
124 119
124 120
124 121
125 110
125 111
125 1667
125 112
125 113
125 114
125 115
125 1668
125 116
125 117
125 118
125 119
125 120
125 121
126 110
126 111
126 112
126 113
126 114
126 115
126 116
126 117
126 118
126 119
126 120
126 121
127 110
127 111
127 112
127 113
127 114
127 115
127 116
127 117
127 118
127 119
127 120
127 121
128 110
128 111
128 112
128 113
128 114
128 115
128 116
128 117
128 118
128 119
128 120
128 121
129 110
129 111
129 112
129 113
129 114
129 115
129 116
129 117
129 118
129 119
129 120
129 121
130 110
130 111
130 112
130 113
130 114
130 115
130 116
130 117
130 118
130 119
130 120
130 121
131 110
131 111
131 112
131 113
131 114
131 115
131 116
131 117
131 118
131 119
131 120
131 121
132 110
132 111
132 112
132 113
132 114
132 115
132 116
132 117
132 118
132 119
132 120
132 121
133 135
133 136
133 138
133 139
133 119
133 145
133 6088
133 147
133 4746
133 152
133 4747
134 119
135 5018
135 5019
135 5020
135 5021
135 5022
135 5023
135 119
135 6088
135 5024
135 5025
135 5026
135 5027
135 5028
135 5029
135 5030
135 5031
135 5032
136 133
136 4748
136 491
136 135
136 492
136 4749
136 138
136 139
136 497
136 4750
136 499
136 501
136 7
136 4751
136 8
136 1963
136 11
136 514
136 515
136 144
136 3947
136 119
136 4752
136 145
136 535
136 6088
136 147
136 4753
136 543
136 151
136 546
136 88
136 77
136 548
136 4754
136 152
136 4755
136 75
137 5223
137 5224
138 26
138 27
138 28
138 29
138 30
138 31
138 32
138 33
138 34
138 35
138 36
138 37
138 38
138 39
138 119
138 40
138 147
138 41
138 42
138 43
138 44
139 1578
139 1579
139 1580
139 1581
139 135
139 1582
139 1583
139 1584
139 119
139 1585
139 1586
139 1587
139 6088
139 1588
139 1589
139 1590
139 1591
139 1592
139 1593
139 1594
140 4693
140 2
140 489
140 5889
140 490
140 491
140 135
140 492
140 4079
140 493
140 801
140 5891
140 494
140 137
140 495
140 139
140 496
140 497
140 498
140 499
140 5
140 500
140 501
140 502
140 6
140 503
140 110
140 504
140 505
140 7
140 506
140 507
140 8
140 508
140 141
140 509
140 510
140 511
140 512
140 513
140 1963
140 514
140 515
140 516
140 517
140 518
140 519
140 520
140 521
140 522
140 523
140 524
140 525
140 526
140 144
140 2232
140 527
140 528
140 529
140 119
140 13
140 530
140 531
140 532
140 4695
140 533
140 4702
140 534
140 535
140 536
140 6088
140 537
140 538
140 539
140 540
140 149
140 541
140 542
140 543
140 17
140 5899
140 4705
140 151
140 544
140 545
140 546
140 88
140 547
140 77
140 548
140 549
140 550
140 22
140 551
140 552
140 553
140 554
140 555
140 556
140 75
140 4710
140 6083
141 2731
141 3558
141 135
141 3549
141 137
141 3568
141 139
141 5051
141 140
141 146
141 5227
141 5228
141 31
141 5229
141 5230
141 5231
141 3553
141 5232
141 5233
141 5234
141 5235
141 5036
141 144
141 5236
141 5237
141 119
141 5238
141 5239
141 6088
141 5240
141 5241
141 149
141 542
141 901
141 150
141 5027
141 151
141 20
141 5037
141 5017
141 6083
142 2049
142 119
142 75
143 5237
143 119
144 4697
144 5244
144 135
144 137
144 139
144 140
144 2127
144 4698
144 5245
144 5246
144 4699
144 5247
144 141
144 4700
144 4085
144 5248
144 4701
144 5249
144 119
144 14
144 5250
144 4695
144 4703
144 5897
144 4704
144 6088
144 149
144 5999
144 151
144 4706
144 4707
144 4755
144 4708
144 4709
144 4711
144 4712
144 5251
145 133
145 4756
145 135
145 136
145 138
145 139
145 4757
145 4758
145 10
145 119
145 6088
145 147
145 5034
145 152
146 135
146 5020
146 5853
146 3892
146 119
146 3893
146 6088
146 3894
147 133
147 96
147 135
147 136
147 138
147 139
147 97
147 98
147 99
147 100
147 101
147 37
147 119
147 145
147 6088
147 102
147 152
147 103
148 133
148 135
148 136
148 138
148 139
148 142
148 143
148 119
148 145
148 6088
148 147
148 149
148 152
148 153
149 3897
149 5254
149 5255
149 5256
149 5257
149 5258
149 5259
149 135
149 5260
149 5261
149 5262
149 3549
149 137
149 5263
149 3568
149 139
149 140
149 5264
149 147
149 5265
149 28
149 5266
149 5229
149 5230
149 5267
149 5268
149 5269
149 4751
149 5270
149 5271
149 5272
149 5273
149 5274
149 141
149 5232
149 5275
149 5276
149 5233
149 5277
149 11
149 5278
149 3908
149 5279
149 5280
149 5036
149 5281
149 5282
149 143
149 144
149 119
149 5283
149 5284
149 5285
149 5286
149 5287
149 6088
149 5288
149 5289
149 18
149 41
149 901
149 151
149 5290
149 20
149 5291
149 119
149 5292
149 5293
149 21
149 5037
149 5294
149 5295
149 5296
149 153
149 6083
151 3056
151 3057
151 134
151 3058
151 3050
151 3059
151 3060
151 100
151 119
151 3054
151 3055
151 3061
152 133
152 135
152 136
152 138
152 139
152 119
152 145
152 6088
152 147
153 2753
153 3388
153 2755
153 2764
153 3389
153 2770
153 2773
153 3391
153 119
153 3392
153 2775
153 2777
154 133
154 135
154 4749
154 5299
154 1427
154 136
154 138
154 139
154 1329
154 517
154 142
154 143
154 119
154 145
154 6088
154 147
154 149
154 4705
154 150
154 152
154 552
154 3895
155 110
155 111
155 112
155 113
155 114
155 115
155 116
155 117
155 118
155 119
155 120
155 121
156 110
156 111
156 112
156 113
156 114
156 115
156 116
156 117
156 118
156 119
156 120
156 121
157 110
157 111
157 112
157 113
157 114
157 115
157 116
157 117
157 118
157 119
157 120
157 121
158 110
158 111
158 112
158 113
158 114
158 115
158 116
158 117
158 118
158 119
158 120
158 121
159 110
159 111
159 112
159 113
159 114
159 115
159 116
159 117
159 118
159 119
159 120
159 121
160 110
160 111
160 112
160 113
160 114
160 115
160 116
160 117
160 118
160 119
160 120
160 121
161 110
161 111
161 112
161 113
161 114
161 115
161 116
161 117
161 118
161 119
161 120
161 121
162 163
162 164
162 165
162 166
162 167
162 168
162 169
163 162
163 164
163 165
163 166
163 167
163 168
163 169
164 162
164 163
164 165
164 170
164 166
164 167
164 168
164 169
165 162
165 163
165 164
165 166
165 167
165 168
165 169
166 171
166 172
166 173
166 174
166 175
166 176
166 177
166 178
166 179
166 180
166 181
166 182
166 183
166 184
166 185
166 186
166 187
166 188
166 189
166 190
166 191
166 192
166 193
166 194
166 195
166 196
167 197
167 165
167 198
167 199
167 200
167 201
167 166
167 202
167 203
167 204
167 205
167 206
167 207
167 208
167 209
167 210
167 211
167 212
167 213
167 196
168 162
168 163
168 164
168 165
168 166
168 167
168 169
169 162
169 163
169 164
169 165
169 166
169 167
169 168
170 200
170 166
170 5210
170 4171
170 202
170 1676
170 1680
170 4172
170 4173
170 861
170 6484
170 167
170 212
170 3179
170 851
170 1206
170 196
171 5267
171 1657
171 172
171 173
171 175
171 4730
171 176
171 177
171 4721
171 166
171 4848
171 1673
171 5934
171 246
171 178
171 6324
171 1683
171 865
171 6325
171 6326
171 180
171 182
171 183
171 1695
171 2056
171 216
171 184
171 6327
171 186
171 187
171 6328
171 1990
171 2041
171 189
171 6329
171 5948
171 190
171 3116
171 6330
171 1710
171 191
171 192
171 1717
171 1718
171 193
171 6331
171 4983
171 3459
171 195
172 1653
172 171
172 6332
172 1658
172 173
172 6333
172 6334
172 175
172 176
172 177
172 6335
172 166
172 3331
172 6210
172 857
172 4980
172 1679
172 178
172 180
172 182
172 183
172 1694
172 289
172 2040
172 184
172 1720
172 186
172 187
172 1705
172 6336
172 1708
172 189
172 6337
172 190
172 2043
172 2937
172 191
172 6338
172 192
172 3187
172 193
172 6339
172 3329
172 5959
172 3459
172 195
172 2000
172 6340
173 166
173 4508
175 5007
175 171
175 1224
175 172
175 173
175 580
175 174
175 176
175 4946
175 177
175 4915
175 291
175 166
175 1740
175 6341
175 6210
175 6342
175 246
175 178
175 6343
175 223
175 6344
175 4914
175 552
175 180
175 182
175 1745
175 4928
175 116
175 183
175 4930
175 4973
175 184
175 5970
175 258
175 186
175 187
175 6345
175 1706
175 1707
175 189
175 1175
175 190
175 191
175 192
175 4677
175 208
175 851
175 4813
175 3111
175 193
175 1126
175 4831
175 2046
175 3459
175 195
176 3330
176 3622
176 4827
176 171
176 290
176 172
176 173
176 6346
176 6347
176 1660
176 2804
176 198
176 174
176 3203
176 3112
176 175
176 4847
176 4730
176 1226
176 6348
176 177
176 968
176 4721
176 6349
176 166
176 2053
176 1677
176 6350
176 1678
176 178
176 1680
176 581
176 3532
176 1904
176 6351
176 261
176 6352
176 1687
176 4850
176 180
176 4598
176 182
176 4981
176 183
176 184
176 1698
176 6353
176 6332
176 186
176 187
176 4717
176 189
176 2741
176 190
176 4740
176 1716
176 252
176 3113
176 3824
176 191
176 192
176 1628
176 1237
176 6354
176 193
176 6355
176 194
176 6356
176 6357
176 3176
176 3459
176 195
177 171
177 4729
177 6358
177 172
177 173
177 4446
177 175
177 176
177 4007
177 3114
177 432
177 1669
177 166
177 6359
177 3591
177 178
177 6343
177 180
177 1412
177 206
177 182
177 183
177 184
177 6360
177 186
177 187
177 6361
177 189
177 190
177 2043
177 4713
177 6362
177 3539
177 6363
177 6364
177 191
177 192
177 1718
177 6354
177 3120
177 193
177 3459
177 195
178 3327
178 171
178 172
178 173
178 6367
178 175
178 176
178 177
178 6368
178 166
178 4812
178 1671
178 5307
178 634
178 6369
178 3788
178 180
178 1414
178 182
178 183
178 6370
178 3253
178 184
178 6360
178 4826
178 6062
178 6371
178 186
178 187
178 567
178 188
178 189
178 6372
178 190
178 1713
178 252
178 2044
178 6373
178 191
178 192
178 4677
178 193
178 3459
178 195
179 166
179 1979
179 3437
179 3438
180 171
180 4712
180 6386
180 1739
180 172
180 173
180 6333
180 174
180 1661
180 175
180 176
180 177
180 4915
180 6387
180 166
180 4731
180 6388
180 311
180 1675
180 6342
180 178
180 420
180 2039
180 2054
180 4914
180 6326
180 2055
180 4508
180 182
180 183
180 255
180 2056
180 184
180 3183
180 3207
180 186
180 1703
180 187
180 3755
180 2041
180 3115
180 3332
180 189
180 1712
180 4592
180 190
180 4916
180 4250
180 191
180 192
180 4813
180 4741
180 828
180 193
180 3718
180 6389
180 3459
180 195
181 4583
181 171
181 172
181 173
181 3203
181 175
181 176
181 177
181 166
181 6342
181 178
181 6324
181 1422
181 6326
181 180
181 182
181 183
181 1979
181 381
181 184
181 186
181 3437
181 187
181 4581
181 189
181 6462
181 190
181 252
181 191
181 192
181 1628
181 3187
181 2180
181 4741
181 193
181 3718
181 2046
181 195
181 196
182 1654
182 171
182 172
182 173
182 174
182 175
182 176
182 177
182 1666
182 166
182 3188
182 1670
182 5307
182 178
182 2039
182 1688
182 5405
182 180
182 6390
182 183
182 2040
182 184
182 2071
182 6062
182 6391
182 186
182 187
182 1425
182 189
182 6392
182 190
182 2043
182 4740
182 1710
182 191
182 6338
182 192
182 3179
182 6393
182 1719
182 193
182 6394
182 4593
182 3459
182 195
183 171
183 172
183 173
183 175
183 176
183 177
183 166
183 178
183 180
183 182
183 184
183 186
183 187
183 189
183 190
183 191
183 192
183 193
183 195
183 196
184 171
184 172
184 173
184 6346
184 1659
184 3204
184 175
184 4730
184 176
184 177
184 1228
184 166
184 6359
184 1674
184 1678
184 178
184 6403
184 277
184 2054
184 2763
184 180
184 1690
184 6404
184 182
184 183
184 4011
184 1999
184 186
184 187
184 2209
184 189
184 190
184 252
184 3824
184 191
184 192
184 6405
184 985
184 6406
184 193
184 6407
184 1206
184 1350
184 3459
184 195
184 6408
184 6409
185 171
185 172
185 173
185 175
185 176
185 290
185 177
185 2423
185 166
185 4848
185 4849
185 178
185 4850
185 180
185 182
185 183
185 184
185 186
185 187
185 189
185 1175
185 190
185 191
185 192
185 193
185 195
185 196
186 171
186 172
186 173
186 175
186 176
186 177
186 2416
186 2423
186 166
186 5307
186 178
186 982
186 180
186 182
186 183
186 6410
186 6411
186 6412
186 184
186 2435
186 1232
186 6353
186 1702
186 5085
186 187
186 6413
186 6336
186 189
186 190
186 1714
186 5957
186 1554
186 4916
186 191
186 192
186 193
186 3459
186 195
187 171
187 4712
187 4729
187 4585
187 6386
187 172
187 173
187 6334
187 3203
187 175
187 176
187 1664
187 6414
187 1665
187 177
187 1668
187 1669
187 166
187 6359
187 1741
187 5357
187 178
187 312
187 581
187 264
187 1685
187 6383
187 6199
187 180
187 1689
187 3751
187 1414
187 182
187 1432
187 116
187 183
187 1979
187 184
187 6212
187 6360
187 6062
187 186
187 3437
187 6415
187 6361
187 2209
187 6416
187 2041
187 189
187 1709
187 2741
187 190
187 4916
187 191
187 192
187 6417
187 2211
187 4741
187 828
187 193
187 6214
187 2432
187 6418
187 1721
187 4851
187 3459
187 195
187 1723
187 1654
188 745
188 746
188 747
188 166
188 748
188 749
188 750
188 751
188 752
188 753
188 754
188 755
188 756
188 757
188 758
188 759
188 760
188 761
188 193
189 5972
189 4583
189 171
189 172
189 173
189 175
189 176
189 177
189 291
189 166
189 6063
189 178
189 1681
189 4735
189 180
189 182
189 183
189 6444
189 184
189 1735
189 6391
189 186
189 187
189 6413
189 190
189 6445
189 191
189 192
189 6417
189 193
189 4901
189 2935
189 3459
189 195
190 3886
190 171
190 6386
190 172
190 173
190 175
190 176
190 177
190 291
190 166
190 222
190 4980
190 178
190 1684
190 6450
190 4914
190 4850
190 180
190 4958
190 182
190 183
190 184
190 1696
190 6200
190 186
190 187
190 1707
190 189
190 6384
190 4982
190 191
190 192
190 1181
190 193
190 3459
190 195
190 2059
191 4963
191 6470
191 5972
191 171
191 290
191 1739
191 6208
191 172
191 173
191 175
191 1663
191 176
191 177
191 6368
191 4915
191 1667
191 432
191 4721
191 2423
191 166
191 5934
191 6342
191 1419
191 1230
191 4980
191 178
191 3788
191 3167
191 5983
191 6383
191 6344
191 180
191 6404
191 1989
191 182
191 183
191 6468
191 6469
191 184
191 6470
191 1697
191 186
191 3437
191 187
191 2041
191 1742
191 189
191 190
191 6471
191 3207
191 6463
191 192
191 6417
191 2180
191 828
191 193
191 3718
191 4593
191 3459
191 195
191 1430
192 757
192 6470
192 4255
192 171
192 6472
192 6386
192 172
192 173
192 175
192 1662
192 176
192 177
192 2423
192 166
192 4849
192 5307
192 1230
192 178
192 6343
192 6325
192 180
192 4598
192 182
192 4737
192 183
192 184
192 2047
192 1906
192 185
192 6332
192 186
192 187
192 6473
192 2041
192 4581
192 189
192 1710
192 190
192 212
192 191
192 4741
192 1427
192 193
192 2045
192 1087
192 1722
192 3459
192 195
193 171
193 172
193 173
193 175
193 176
193 177
193 166
193 3457
193 178
193 180
193 182
193 183
193 184
193 186
193 187
193 189
193 190
193 191
193 192
193 195
193 196
194 579
194 171
194 172
194 173
194 580
194 175
194 176
194 177
194 166
194 1418
194 178
194 581
194 582
194 180
194 583
194 182
194 584
194 183
194 184
194 186
194 187
194 6285
194 189
194 2741
194 190
194 191
194 192
194 1181
194 1237
194 3174
194 193
194 3176
194 195
194 196
195 4255
195 171
195 6479
195 172
195 173
195 175
195 6348
195 176
195 177
195 4915
195 4721
195 166
195 6480
195 6481
195 1230
195 178
195 6403
195 4830
195 6482
195 180
195 182
195 183
195 184
195 6483
195 1699
195 1700
195 6062
195 1701
195 186
195 6484
195 3437
195 1704
195 187
195 6328
195 189
195 1711
195 190
195 3539
195 6373
195 191
195 6485
195 192
195 1720
195 193
195 5959
195 3459
195 6409
196 166
196 1181
197 200
197 166
197 5210
197 202
197 1680
197 167
197 851
197 1206
197 196
198 484
198 485
198 486
198 487
198 166
198 488
198 489
198 490
198 491
198 167
198 492
198 493
198 494
199 200
199 166
199 206
199 207
199 167
199 1350
199 196
200 1208
200 1209
200 1210
200 1211
200 166
200 1212
200 1213
200 1214
200 1215
200 1216
200 1217
200 1218
200 1219
200 1220
200 167
200 1221
200 1222
200 1223
200 196
201 4827
201 4969
201 2479
201 200
201 166
201 4970
201 4974
201 4975
201 2806
201 4976
201 4977
201 4978
201 4979
201 4980
201 167
201 1349
201 4972
201 4973
201 196
202 170
202 200
202 166
202 204
202 167
202 3338
202 196
203 2872
203 2873
203 2874
203 2875
203 2876
203 2877
203 2878
203 2879
203 2880
203 2881
204 2567
204 200
204 166
204 2419
204 2420
204 2421
204 167
204 2422
204 196
205 165
205 198
205 1227
205 855
205 200
205 166
205 933
205 203
205 2417
205 934
205 206
205 5212
205 167
205 2418
205 4723
205 2012
205 196
206 4714
206 4715
206 4716
206 4717
206 200
206 166
206 4718
206 4719
206 4720
206 4721
206 4722
206 167
206 4723
206 4724
206 4725
206 4726
206 196
207 200
207 166
207 210
207 167
207 196
208 197
208 200
208 201
208 166
208 6555
208 4971
208 202
208 1192
208 6376
208 188
208 167
208 2481
208 1236
208 212
208 252
208 4719
208 1350
208 196
209 200
209 166
209 5869
209 185
209 502
209 167
209 503
209 504
209 4813
209 196
210 197
210 173
210 199
210 200
210 166
210 202
210 205
210 207
210 4179
210 167
210 2077
210 4180
210 4181
210 1193
210 4182
210 196
211 2013
211 2014
211 2015
211 2016
211 2017
211 2018
211 2019
211 2020
211 2021
211 2022
211 2023
212 3989
212 200
212 166
212 4172
212 167
212 2077
212 196
213 4827
213 4981
213 200
213 201
213 166
213 4982
213 4978
213 167
213 4972
213 851
213 1350
213 4983
213 196
214 215
214 216
214 217
214 218
214 219
214 220
214 221
215 222
215 223
215 224
215 225
215 217
215 226
215 227
215 228
215 229
215 230
215 219
215 220
215 231
215 232
215 233
215 234
215 235
215 236
216 215
216 217
216 219
216 220
217 215
217 237
217 238
217 239
217 240
217 241
217 219
217 220
217 242
217 243
217 244
217 245
218 215
218 217
218 219
218 220
219 215
219 246
219 247
219 248
219 249
219 217
219 241
219 220
219 250
219 251
219 252
220 215
220 216
220 217
220 219
220 221
221 214
221 215
221 217
221 219
221 220
222 5473
222 5484
222 5486
222 5491
222 5499
222 3173
222 4617
222 5510
222 3563
222 4618
222 5520
222 5528
224 4912
224 5476
224 5491
224 5494
224 4913
224 3173
224 5510
224 5517
224 5520
224 5521
225 5536
225 3173
225 5672
226 5485
226 5491
226 3173
226 5108
226 5510
226 5511
226 5513
226 5520
226 5523
227 5481
227 5482
227 5491
227 3173
227 5504
227 3679
227 4619
227 3680
227 5507
227 5508
227 5510
227 3681
227 5520
227 5107
227 5522
227 3682
227 252
228 5547
228 5548
228 5549
228 5550
228 5551
228 5552
228 3173
228 5553
228 5554
228 5555
229 1934
229 1935
229 3173
229 1936
231 6285
231 5624
231 6301
231 6286
231 6287
231 6288
231 6289
231 3173
231 6290
231 6291
231 6292
231 6294
231 6304
233 214
233 4634
233 3925
233 5672
234 3173
235 3560
235 3534
235 3561
235 3562
235 5491
235 5496
235 5497
235 227
235 5562
235 3173
235 5509
235 5510
235 3563
235 3564
235 5520
235 5524
235 5531
236 3683
236 5109
236 3684
236 3562
236 5490
236 5491
236 5493
236 3173
236 4619
236 5505
236 5510
236 5520
236 5527
236 5529
236 3685
237 215
237 217
237 219
237 220
238 215
238 217
238 219
238 220
239 6053
239 6054
239 6055
239 6056
239 5623
239 6058
239 6059
239 5633
239 3173
239 4435
239 5644
239 6061
239 5651
239 6062
239 5825
239 5655
239 5680
239 6063
239 5665
239 5614
241 215
241 217
241 219
241 220
244 944
244 4103
244 4104
244 3944
244 2176
244 6069
244 4105
244 4106
246 3372
246 215
246 1004
246 1255
246 1232
246 3304
246 366
246 217
246 889
246 1774
246 3084
246 5726
246 3304
246 219
246 220
246 3667
246 5943
246 3428
247 2783
247 2766
247 2767
247 2777
247 2769
247 2770
247 2785
247 2778
247 2772
247 2786
247 2779
247 2773
247 2780
247 2781
247 634
247 2782
247 2776
247 635
247 2784
248 6054
248 6055
248 6056
248 3173
248 6057
248 6503
248 4834
249 4836
249 4838
249 4839
249 4829
249 4840
249 4830
249 4831
249 4832
249 4833
249 4841
249 4834
250 4271
250 4274
250 4276
250 4277
250 4279
250 4280
250 4281
250 3173
250 4282
250 4285
250 4289
250 5670
250 3981
250 4295
250 4297
250 6532
250 4296
252 5601
252 5602
252 5603
252 5604
252 5466
252 5605
252 5606
252 3173
252 5607
252 5256
253 254
253 255
253 256
254 257
255 254
255 256
256 258
257 109
257 101
257 111
257 103
257 104
257 105
257 106
257 138
257 4465
258 257
258 2697
258 256
259 260
259 261
259 262
259 263
259 264
259 265
259 266
259 267
259 268
259 269
259 270
259 271
259 272
259 273
259 274
259 275
260 276
260 277
260 261
260 262
260 278
260 265
260 266
260 279
260 268
260 280
260 269
260 271
260 281
260 282
260 283
260 284
260 275
261 260
261 263
261 278
261 266
261 268
261 285
261 269
261 271
261 284
261 275
261 286
262 260
262 261
262 266
262 268
262 269
262 271
262 275
263 260
263 261
263 266
263 268
263 269
263 271
263 275
264 260
264 261
264 263
264 266
264 268
264 269
264 271
264 287
264 275
265 266
265 270
265 275
266 288
266 289
266 290
266 291
266 292
266 293
266 294
266 295
266 296
266 297
266 298
266 299
266 300
266 301
266 302
266 303
266 304
266 305
266 306
266 307
266 308
266 309
266 310
266 311
266 312
266 313
266 314
266 315
267 260
267 261
267 316
267 266
267 317
267 268
267 269
267 271
267 275
268 260
268 261
268 318
268 316
268 266
268 319
268 269
268 271
268 281
268 275
269 259
269 260
269 261
269 266
269 317
269 268
269 271
269 272
269 284
269 275
270 320
270 271
271 260
271 261
271 266
271 268
271 269
271 275
272 259
272 276
272 260
272 261
272 262
272 266
272 279
272 321
272 268
272 269
272 271
272 322
272 323
272 283
272 275
273 324
273 325
273 326
273 327
273 328
273 329
274 260
274 261
274 266
274 268
274 280
274 269
274 271
274 282
274 275
275 260
275 261
275 263
275 266
275 268
275 269
275 271
275 286
276 263
276 266
276 4538
276 271
276 323
276 283
276 275
277 266
277 320
277 270
277 271
277 4540
277 275
278 266
278 4708
278 275
279 266
279 321
279 280
279 275
280 266
280 275
281 260
281 261
281 263
281 266
281 785
281 268
281 269
281 271
281 3994
281 786
281 787
281 275
282 266
282 275
283 263
283 316
283 266
283 2743
283 320
283 270
283 322
283 275
284 2393
284 260
284 2394
284 261
284 266
284 268
284 269
284 271
284 275
285 260
285 261
285 266
285 268
285 269
285 271
285 275
286 260
286 261
286 266
286 268
286 269
286 271
286 275
287 3004
287 2217
287 266
287 3005
287 3006
287 3007
288 289
288 290
288 291
288 292
288 293
288 294
288 296
288 298
288 4728
288 266
288 300
288 4732
288 301
288 5738
288 302
288 5725
288 5749
288 1654
288 4708
288 303
288 304
288 305
288 306
288 5740
288 308
288 309
288 6345
288 311
288 312
288 314
288 315
289 288
289 1123
289 2691
289 3566
289 1124
289 290
289 291
289 292
289 293
289 294
289 5616
289 1125
289 296
289 3208
289 298
289 261
289 1433
289 266
289 300
289 1126
289 2743
289 1127
289 301
289 5613
289 302
289 320
289 4708
289 303
289 304
289 1419
289 3541
289 305
289 306
289 3209
289 5670
289 3994
289 1128
289 1608
289 308
289 1426
289 1129
289 309
289 5081
289 3665
289 311
289 5671
289 1130
289 312
289 3997
289 314
289 315
289 287
290 3088
290 288
290 289
290 2691
290 291
290 292
290 293
290 294
290 1125
290 296
290 3208
290 4315
290 298
290 261
290 6184
290 1631
290 5583
290 1954
290 266
290 300
290 5162
290 1131
290 2743
290 301
290 302
290 1132
290 320
290 303
290 304
290 305
290 306
290 1133
290 3209
290 308
290 2925
290 309
290 5081
290 840
290 2364
290 3665
290 311
290 5671
290 312
290 727
290 1134
290 314
290 5167
290 315
290 287
290 3205
291 288
291 289
291 5618
291 290
291 292
291 293
291 294
291 1135
291 296
291 1136
291 298
291 1631
291 1137
291 266
291 300
291 1131
291 2743
291 1138
291 301
291 302
291 1139
291 303
291 304
291 3111
291 305
291 306
291 308
291 309
291 311
291 312
291 314
291 1140
291 315
291 1595
291 287
292 1646
292 288
292 289
292 5615
292 813
292 290
292 291
292 293
292 1141
292 294
292 1142
292 296
292 2816
292 1143
292 1144
292 1145
292 298
292 1631
292 1146
292 1147
292 266
292 300
292 1148
292 1149
292 1131
292 301
292 1150
292 760
292 302
292 1151
292 1654
292 1152
292 303
292 304
292 3111
292 4601
292 1153
292 305
292 306
292 1154
292 5534
292 1128
292 308
292 1155
292 1156
292 1427
292 309
292 1617
292 310
292 1157
292 1158
292 311
292 4504
292 1130
292 312
292 1134
292 314
292 1613
292 5612
292 315
292 2839
293 288
293 252
293 289
293 290
293 291
293 292
293 294
293 253
293 1125
293 296
293 1610
293 298
293 1137
293 266
293 300
293 235
293 2530
293 301
293 6336
293 302
293 4708
293 303
293 271
293 304
293 5043
293 3541
293 305
293 1159
293 306
293 1617
293 1608
293 308
293 1160
293 309
293 1161
293 1162
293 5070
293 311
293 1607
293 243
293 312
293 314
293 315
294 288
294 289
294 290
294 291
294 292
294 2036
294 293
294 1142
294 1163
294 296
294 2816
294 6120
294 298
294 1164
294 266
294 300
294 301
294 302
294 5726
294 303
294 304
294 5588
294 305
294 3179
294 306
294 1128
294 308
294 309
294 5592
294 1617
294 5614
294 82
294 311
294 1165
294 312
294 1166
294 314
294 1852
294 315
294 2039
294 5597
295 266
296 1646
296 288
296 289
296 290
296 291
296 292
296 293
296 294
296 5067
296 297
296 298
296 299
296 1631
296 5068
296 5041
296 266
296 300
296 5042
296 301
296 5069
296 302
296 303
296 304
296 5043
296 305
296 1422
296 306
296 308
296 5044
296 309
296 310
296 5070
296 5047
296 311
296 1660
296 5611
296 312
296 314
296 5612
296 1664
296 315
297 3108
297 266
297 2743
297 2383
297 3109
297 3110
297 3111
297 305
298 288
298 289
298 290
298 291
298 292
298 293
298 294
298 1135
298 296
298 1630
298 1137
298 266
298 300
298 1131
298 301
298 1167
298 302
298 303
298 304
298 305
298 306
298 308
298 1168
298 1155
298 5035
298 1169
298 309
298 311
298 1390
298 312
298 314
298 1170
298 1171
298 315
299 5056
299 5071
299 5076
299 295
299 296
299 266
299 5077
299 306
299 5079
299 5080
299 5072
299 5038
299 5081
299 5082
299 5048
300 1631
300 266
300 1419
300 305
300 306
300 308
300 5614
300 1852
300 1172
300 2212
301 288
301 289
301 1173
301 290
301 291
301 292
301 5767
301 293
301 294
301 1174
301 296
301 5617
301 4719
301 298
301 266
301 300
301 2557
301 3723
301 302
301 303
301 304
301 305
301 306
301 308
301 1175
301 309
301 311
301 1176
301 312
301 1177
301 1178
301 314
301 1171
301 315
301 2985
301 444
302 288
302 289
302 1123
302 290
302 291
302 292
302 293
302 294
302 296
302 298
302 266
302 300
302 5162
302 1131
302 301
302 1132
302 303
302 304
302 3541
302 1179
302 305
302 306
302 5534
302 308
302 1426
302 3996
302 309
302 310
302 1180
302 3665
302 311
302 312
302 3997
302 1134
302 314
302 315
302 287
303 288
303 289
303 290
303 291
303 292
303 293
303 294
303 2210
303 296
303 298
303 4728
303 266
303 300
303 4732
303 2743
303 301
303 302
303 2218
303 1654
303 304
303 305
303 306
303 307
303 308
303 309
303 310
303 1192
303 311
303 312
303 314
303 315
303 1383
304 288
304 289
304 2511
304 290
304 291
304 292
304 293
304 294
304 296
304 298
304 266
304 301
304 302
304 303
304 306
304 308
304 310
304 1193
304 312
304 314
304 315
305 1646
305 1647
305 1648
305 1649
305 266
305 300
305 1650
305 1651
305 1652
305 1653
305 1654
305 1655
305 1656
305 1657
305 1658
305 1659
305 1660
305 1661
305 1662
305 1663
305 1664
305 1595
305 1665
306 288
306 289
306 290
306 291
306 292
306 2036
306 293
306 294
306 2210
306 296
306 298
306 266
306 300
306 2743
306 301
306 302
306 303
306 304
306 305
306 2211
306 308
306 309
306 310
306 311
306 2380
306 312
306 314
306 315
306 2039
306 287
306 2212
307 289
307 5625
307 1144
307 297
307 1197
307 300
307 1167
307 302
307 2214
307 305
307 2211
307 1160
307 310
307 1192
307 1180
307 311
307 312
307 313
307 2220
308 266
308 2213
308 2214
308 2215
308 2216
309 288
309 289
309 290
309 291
309 292
309 293
309 294
309 296
309 1500
309 298
309 2217
309 266
309 300
309 301
309 302
309 2218
309 303
309 304
309 5043
309 305
309 306
309 308
309 2219
309 310
309 311
309 312
309 314
309 315
309 287
309 2545
309 2220
310 5625
310 266
310 5626
310 5627
311 1648
311 1649
311 266
311 1650
311 305
311 1656
311 1658
312 2195
312 2196
312 5590
312 266
312 306
312 308
312 309
312 2221
312 2199
314 2306
314 288
314 252
314 289
314 5618
314 290
314 291
314 292
314 293
314 294
314 296
314 1136
314 1501
314 1197
314 298
314 3436
314 1137
314 266
314 300
314 2520
314 4947
314 1127
314 301
314 302
314 6128
314 4708
314 303
314 4914
314 304
314 3111
314 305
314 4949
314 306
314 4952
314 3441
314 1198
314 1608
314 308
314 309
314 6172
314 311
314 312
314 1199
314 315
314 1595
315 288
315 289
315 1856
315 290
315 291
315 292
315 293
315 294
315 255
315 296
315 6120
315 297
315 298
315 5068
315 5041
315 266
315 300
315 1131
315 301
315 302
315 303
315 304
315 5043
315 305
315 306
315 308
315 309
315 310
315 5070
315 311
315 1200
315 312
315 314
316 260
316 261
316 266
316 2743
316 268
316 320
316 269
316 271
316 3210
316 4540
316 783
316 784
316 275
317 260
317 2691
317 261
317 266
317 2743
317 268
317 320
317 269
317 271
317 4541
317 1676
317 1157
317 323
317 287
317 275
318 260
318 261
318 779
318 266
318 780
318 319
318 268
318 269
318 271
318 781
318 782
318 275
319 260
319 261
319 266
319 268
319 4538
319 4539
319 269
319 271
319 4540
319 275
320 2691
320 1412
320 1413
320 3208
320 266
320 1414
320 1415
320 1416
320 2743
320 1417
320 1418
320 1419
320 1420
320 1421
320 1422
320 3209
320 1423
320 3210
320 1424
320 1426
320 1427
320 1428
320 1429
320 1430
320 1431
321 266
321 727
321 275
322 260
322 261
322 263
322 266
322 268
322 269
322 271
322 275
323 260
323 261
323 266
323 317
323 268
323 269
323 271
323 4541
323 275
324 266
324 325
324 327
324 328
324 6546
324 6547
324 1865
324 6548
325 324
325 266
325 326
325 273
325 6549
326 5638
326 324
326 266
326 273
327 2691
327 6550
327 1419
328 324
328 266
328 326
330 331
330 332
331 333
332 331
332 334
332 335
332 336
332 337
332 338
332 339
332 340
332 341
332 342
332 343
332 344
332 345
333 514
333 515
333 516
333 517
333 518
333 519
333 520
333 521
333 522
333 523
333 524
334 3817
334 331
335 331
337 331
337 5552
337 5554
337 5555
343 5037
343 5038
343 5039
343 5040
343 5041
343 5042
343 5043
343 5044
344 203
344 5990
345 330
346 347
346 348
346 349
346 350
347 351
348 352
348 353
348 354
348 355
348 356
348 357
349 358
349 359
349 360
349 361
349 362
350 363
350 364
350 365
350 366
350 367
350 368
350 369
350 370
350 371
353 1523
353 2250
353 5674
353 1525
353 1526
353 6531
353 1527
353 1529
353 371
353 1528
354 351
355 351
355 5721
355 5722
355 1523
355 5723
355 5724
355 5725
355 5674
355 1525
355 5726
355 5727
355 5728
355 1527
355 1529
355 5729
355 5730
355 5731
355 371
355 1528
355 5732
356 351
356 355
357 351
357 523
357 524
357 525
357 355
357 3843
357 526
357 527
357 3844
357 528
357 529
357 1218
357 530
358 360
358 1547
359 4803
359 4804
359 4805
359 4806
359 4807
359 4808
359 4809
359 4810
359 4811
359 4812
360 1547
361 352
361 2236
361 355
361 362
363 350
364 1550
365 351
365 1523
365 3040
365 5674
365 5669
365 5184
365 1525
365 1526
365 5670
365 2698
365 5671
365 1527
365 1529
365 5672
365 3045
365 371
365 1528
365 5673
366 16
366 17
367 5179
367 351
367 2417
367 2392
367 2393
367 2418
367 2419
367 2380
367 2381
367 5184
367 2398
367 2384
367 2385
367 2420
367 2421
367 2388
367 2394
367 2389
368 1523
368 5674
368 1525
368 1526
368 1527
368 1529
368 371
368 1528
369 4770
369 1886
370 350
371 351
371 4532
371 4533
371 4534
371 4535
372 373
372 374
372 375
372 376
372 377
372 378
372 379
372 380
372 381
372 382
372 383
373 372
373 376
373 377
373 379
373 381
373 382
374 372
374 377
374 379
374 381
374 384
374 382
375 385
375 386
375 387
375 388
375 389
375 390
375 384
375 391
375 392
375 393
375 394
375 395
375 396
376 372
376 377
376 379
376 381
376 382
377 372
377 374
377 378
377 379
377 381
377 382
378 372
378 377
378 379
378 381
378 382
379 372
379 376
379 377
379 381
379 382
380 372
380 377
380 379
380 381
380 382
381 372
381 377
381 379
381 380
381 382
382 372
382 377
382 379
382 381
383 372
383 377
383 379
383 381
383 382
384 3989
384 3990
384 386
384 3991
384 389
384 3992
384 3993
384 3994
384 3995
384 3996
384 392
384 393
384 396
384 3997
384 1470
384 3967
384 3968
385 954
385 2924
385 4265
385 3973
385 386
385 889
385 965
385 4275
385 3596
385 389
385 2388
385 983
385 2337
385 384
385 989
385 4015
385 994
385 3976
385 1004
385 6112
385 392
385 1010
385 393
385 5490
385 396
385 1470
385 3967
385 3968
386 3970
386 3971
386 3972
386 3973
386 389
386 3974
386 384
386 3975
386 3976
386 392
386 393
386 396
386 1470
386 3967
386 3968
387 3998
387 389
387 3992
387 392
387 394
388 386
388 389
388 3599
388 384
388 4117
388 4016
388 3555
388 3484
388 392
388 393
388 396
388 1470
388 3967
388 3968
389 3978
389 386
389 3979
389 3980
389 3981
389 3962
389 384
389 3982
389 3983
389 392
389 3984
389 393
389 3985
389 396
389 1470
389 3967
389 3968
390 386
390 4014
390 389
390 3599
390 384
390 4005
390 392
390 393
390 5490
390 396
390 1470
390 3967
390 3968
391 386
391 389
391 6374
391 3993
391 384
391 3995
391 392
391 393
391 394
391 396
391 1470
391 3967
391 3968
391 4000
392 3989
392 3998
392 386
392 389
392 3974
392 384
392 3975
392 3994
392 3999
392 393
392 394
392 396
392 3997
392 1470
392 3967
392 3968
392 4000
393 386
393 389
393 384
393 4001
393 392
393 396
393 1470
393 3967
393 3968
394 3990
394 386
394 4621
394 3961
394 389
394 3993
394 384
394 4093
394 3995
394 3999
394 3983
394 392
394 393
394 396
394 1470
394 3967
394 3968
395 386
395 3991
395 5790
395 389
395 5795
395 6396
395 4188
395 4189
395 384
395 5839
395 392
395 393
395 396
395 1470
395 3967
395 3968
395 4000
396 4002
396 3973
396 386
396 4003
396 389
396 3974
396 3993
396 4004
396 384
396 3976
396 3995
396 4005
396 6053
396 4006
396 392
396 393
396 3654
396 1470
396 3967
396 3968
397 398
397 399
397 400
397 401
397 402
397 403
397 404
397 405
397 406
397 407
397 408
398 399
398 400
398 401
398 402
398 404
398 405
398 406
399 397
399 398
399 400
399 401
399 402
399 409
399 404
399 405
399 406
399 410
399 411
399 407
400 398
400 412
400 399
400 413
400 414
400 401
400 402
400 404
400 405
400 415
400 406
401 398
401 399
401 413
401 402
401 404
401 405
401 406
402 416
402 398
402 400
402 401
402 417
402 404
402 418
402 405
402 419
402 406
402 420
403 398
403 399
403 400
403 401
403 402
403 404
403 405
403 406
404 416
404 398
404 400
404 401
404 402
404 405
404 421
404 406
404 422
404 420
404 423
404 424
405 398
405 399
405 400
405 401
405 425
405 402
405 404
405 426
405 406
405 427
405 428
405 429
405 430
405 431
406 398
406 432
406 399
406 400
406 433
406 401
406 402
406 404
406 405
406 422
406 434
406 424
407 398
407 399
407 400
407 401
407 402
407 404
407 405
407 406
408 398
408 399
408 400
408 401
408 402
408 404
408 405
408 406
409 398
409 399
409 400
409 4275
409 401
409 402
409 404
409 405
409 406
410 398
410 399
410 413
410 401
410 402
410 404
410 405
410 2045
410 2046
410 406
410 4276
411 398
411 4971
411 399
411 400
411 401
411 402
411 404
411 405
411 406
411 4277
412 398
412 399
412 400
412 402
412 404
412 405
412 406
413 398
413 399
413 400
413 402
413 404
413 405
413 406
414 398
414 399
414 400
414 402
414 404
414 405
414 406
415 398
415 399
415 400
415 402
415 404
415 405
415 406
416 398
416 399
416 400
416 401
416 402
416 404
416 405
416 2044
416 2045
416 2046
416 406
417 398
417 399
417 400
417 402
417 404
417 405
417 406
418 398
418 399
418 400
418 402
418 404
418 405
418 406
419 398
419 399
419 400
419 402
419 404
419 405
419 406
420 398
420 399
420 400
420 401
420 402
420 404
420 405
420 406
421 398
421 5335
421 399
421 400
421 401
421 5236
421 402
421 266
421 1320
421 404
421 405
421 5226
421 406
422 398
422 399
422 400
422 401
422 4545
422 402
422 404
422 405
422 406
422 2841
422 1496
422 2843
422 4550
422 4551
422 424
423 398
423 399
423 400
423 401
423 402
423 404
423 405
423 406
424 398
424 2666
424 399
424 4548
424 400
424 5043
424 401
424 402
424 6351
424 2840
424 404
424 405
424 1497
424 406
424 1498
424 1499
424 1500
425 398
425 399
425 400
425 401
425 402
425 404
425 6228
425 405
425 3105
425 406
426 398
426 399
426 400
426 401
426 402
426 404
426 405
426 406
427 398
427 399
427 400
427 401
427 402
427 404
427 405
427 406
427 5438
428 398
428 399
428 400
428 401
428 402
428 404
428 405
428 406
428 4276
429 398
429 399
429 400
429 401
429 402
429 404
429 405
429 406
430 398
430 399
430 400
430 401
430 402
430 404
430 405
430 406
430 1935
431 398
431 399
431 400
431 401
431 402
431 404
431 405
431 406
431 5438
432 398
432 399
432 400
432 401
432 402
432 404
432 405
432 406
433 398
433 4543
433 399
433 400
433 6156
433 401
433 402
433 404
433 405
433 406
434 416
434 398
434 399
434 400
434 401
434 402
434 404
434 405
434 406
434 420
434 2843
434 4550
435 436
437 438
437 439
437 440
437 441
437 442
437 443
437 444
437 445
437 446
437 447
437 448
437 449
437 450
437 451
437 452
437 453
437 454
438 439
438 440
438 441
438 442
438 443
438 444
438 445
438 446
438 447
438 448
438 449
438 450
438 451
438 452
438 453
438 454
439 438
439 440
439 441
439 442
439 443
439 444
439 445
439 446
439 447
439 448
439 449
439 450
439 451
439 452
439 453
439 454
440 438
440 439
440 441
440 442
440 443
440 444
440 445
440 446
440 447
440 448
440 449
440 450
440 451
440 452
440 453
440 454
441 438
441 439
441 440
441 455
441 456
441 442
441 443
441 444
441 445
441 457
441 446
441 447
441 448
441 449
441 450
441 451
441 452
441 453
441 454
441 458
442 438
442 439
442 440
442 441
442 443
442 444
442 445
442 446
442 447
442 448
442 449
442 450
442 451
442 452
442 453
442 454
443 438
443 439
443 440
443 456
443 441
443 442
443 444
443 445
443 446
443 447
443 448
443 449
443 450
443 451
443 452
443 453
443 454
444 438
444 439
444 440
444 441
444 442
444 443
444 445
444 446
444 447
444 448
444 449
444 450
444 451
444 452
444 453
444 454
445 438
445 439
445 440
445 441
445 442
445 443
445 444
445 446
445 447
445 448
445 449
445 450
445 451
445 452
445 453
445 454
446 438
446 439
446 440
446 441
446 442
446 443
446 444
446 445
446 447
446 448
446 449
446 450
446 451
446 452
446 453
446 454
447 438
447 439
447 440
447 441
447 442
447 443
447 444
447 445
447 446
447 448
447 449
447 450
447 451
447 452
447 453
447 454
448 438
448 439
448 440
448 441
448 442
448 443
448 444
448 445
448 446
448 447
448 449
448 450
448 451
448 452
448 453
448 454
449 438
449 439
449 440
449 441
449 442
449 443
449 444
449 445
449 446
449 447
449 448
449 450
449 451
449 452
449 453
449 454
450 459
450 460
450 461
450 462
450 463
450 464
450 465
450 466
450 467
450 468
450 469
450 453
451 438
451 439
451 440
451 441
451 442
451 443
451 444
451 445
451 446
451 447
451 448
451 449
451 450
451 452
451 453
451 454
452 438
452 439
452 440
452 441
452 442
452 443
452 444
452 445
452 446
452 447
452 448
452 449
452 450
452 451
452 453
452 454
453 470
453 471
453 472
453 473
453 474
453 475
453 476
453 477
453 478
453 479
453 480
453 481
453 482
453 483
453 484
453 485
453 486
453 487
453 488
453 489
453 490
453 491
453 492
453 493
454 438
454 439
454 440
454 441
454 442
454 443
454 444
454 445
454 446
454 447
454 448
454 449
454 450
454 451
454 452
454 453
455 2051
455 2052
455 2053
455 2054
455 2055
455 2056
455 2057
455 2058
455 2059
455 2060
455 2061
455 2062
455 2063
455 2064
455 2065
455 2066
455 2067
455 2069
455 450
455 453
457 181
457 182
457 4213
457 183
457 184
457 185
457 186
457 4214
457 4215
457 4216
457 187
457 188
457 189
457 190
457 4217
457 191
457 193
457 453
458 2489
458 2490
458 2491
458 453
459 798
459 799
459 800
459 801
459 802
459 450
459 453
460 14
460 459
460 461
460 462
460 15
460 463
460 464
460 465
460 466
460 467
460 450
460 468
460 469
461 459
461 766
461 460
461 462
461 5959
461 16
461 480
461 463
461 464
461 457
461 465
461 466
461 467
461 771
461 488
461 17
461 4597
461 490
461 450
461 468
461 469
461 453
462 18
462 459
462 460
462 461
462 463
462 851
462 464
462 465
462 466
462 467
462 450
462 19
462 468
462 469
463 459
463 460
463 461
463 462
463 813
463 464
463 465
463 4584
463 466
463 467
463 20
463 450
463 468
463 469
463 453
464 459
464 460
464 461
464 462
464 463
464 465
464 466
464 467
464 450
464 468
464 469
464 453
465 834
465 835
465 836
465 459
465 837
465 460
465 461
465 838
465 462
465 463
465 464
465 839
465 466
465 467
465 840
465 450
465 468
465 841
465 469
466 459
466 21
466 460
466 461
466 462
466 463
466 813
466 464
466 465
466 4584
466 467
466 20
466 450
466 468
466 469
466 453
467 459
467 842
467 460
467 843
467 461
467 844
467 462
467 463
467 464
467 845
467 465
467 466
467 846
467 847
467 450
467 468
467 833
467 848
467 469
468 459
468 460
468 461
468 462
468 849
468 850
468 463
468 851
468 464
468 465
468 466
468 467
468 852
468 853
468 450
468 854
468 469
468 453
469 459
469 460
469 461
469 462
469 463
469 464
469 465
469 466
469 467
469 450
469 468
470 471
470 3166
470 473
470 474
470 475
470 476
470 477
470 5959
470 478
470 479
470 480
470 481
470 482
470 483
470 484
470 832
470 486
470 487
470 488
470 489
470 490
470 491
470 492
471 470
471 473
471 474
471 475
471 476
