1 1
1 2
1 5
1 6
1 7
1 3
1 8
1 4
2 846
2 847
2 419
2 848
2 849
2 850
2 500
2 851
2 852
3 396
5 1
5 9
5 10
5 11
5 12
5 13
5 14
5 15
5 16
5 17
5 18
5 19
5 7
5 8
6 1
6 20
6 12
6 13
6 21
6 22
6 23
6 24
6 25
6 7
6 8
7 1
7 5
7 26
7 27
7 23
7 28
7 29
7 30
7 18
7 31
7 32
7 8
8 1
8 5
8 33
8 34
8 35
8 21
8 36
8 37
8 32
8 7
9 7
9 8
9 9
9 21
9 10
9 11
9 650
9 12
9 13
10 1
10 855
10 5
10 26
10 12
10 13
10 27
10 416
10 168
10 23
10 28
10 24
10 17
10 169
10 29
10 170
10 171
10 384
10 30
10 18
10 19
10 32
10 7
10 8
11 5
11 123
11 9
11 10
11 172
11 131
11 613
11 669
11 173
11 256
11 21
11 14
11 22
11 292
11 399
11 24
11 15
11 69
11 174
11 169
11 155
11 175
11 170
11 176
11 719
11 32
11 408
11 7
11 8
11 177
12 1
12 5
12 765
12 178
12 179
12 7
12 8
13 1
13 5
13 10
13 180
13 95
13 181
13 407
13 16
13 182
13 754
13 105
13 183
13 184
13 19
13 7
13 8
14 185
15 370
15 395
15 186
15 187
15 371
15 21
15 22
15 23
15 373
15 375
15 376
16 1
16 5
16 29
16 7
16 8
17 1
17 5
17 658
17 11
17 188
17 292
17 69
17 650
17 7
17 8
18 1
18 5
18 412
18 390
18 413
18 414
18 415
18 416
18 417
18 418
18 419
18 420
18 421
18 422
18 389
18 13
18 7
18 8
19 1
19 5
19 7
19 8
20 1
20 10
20 26
20 12
20 13
20 27
20 21
20 22
20 23
20 28
20 25
20 384
20 18
20 19
20 7
20 8
22 707
22 708
22 709
22 710
22 711
23 1
23 5
23 385
23 386
23 387
23 388
23 389
23 7
23 8
24 1
24 5
24 68
24 69
24 70
24 71
24 421
24 473
24 169
24 170
24 176
24 13
24 32
24 7
24 72
24 8
25 1
25 10
25 20
25 26
25 670
25 658
25 12
25 13
25 21
25 22
25 188
25 23
25 28
25 69
25 384
25 19
25 7
25 8
26 1
26 5
26 9
26 10
26 631
26 887
26 172
26 632
26 613
26 889
26 633
26 256
26 27
26 416
26 24
26 185
26 634
26 650
26 169
26 29
26 170
26 171
26 30
26 114
26 18
26 31
26 7
26 779
26 8
27 1
27 5
27 782
27 783
27 131
27 784
27 785
27 786
27 787
27 788
27 770
27 789
27 790
27 791
27 7
27 8
28 1
28 855
28 5
28 10
28 631
28 887
28 172
28 632
28 178
28 633
28 69
28 27
28 416
28 637
28 292
28 24
28 634
28 169
28 179
28 29
28 638
28 170
28 171
28 30
28 114
28 18
28 31
28 32
28 7
28 8
29 1
29 5
29 783
29 131
29 640
29 641
29 27
29 642
29 643
29 644
29 18
29 7
29 8
30 1
30 5
30 650
30 68
30 651
30 652
30 653
30 654
30 655
30 656
30 657
30 658
30 659
30 660
30 661
30 32
30 7
30 72
30 8
31 1
31 5
31 10
31 631
31 172
31 632
31 390
31 178
31 769
31 658
31 633
31 69
31 582
31 27
31 168
31 22
31 637
31 642
31 95
31 399
31 23
31 644
31 24
31 672
31 634
31 27
31 265
31 169
31 443
31 754
31 776
31 179
31 170
31 779
31 18
31 32
31 7
31 779
31 8
31 177
32 1
32 5
32 9
32 10
32 131
32 797
32 21
32 22
32 23
32 24
32 69
32 195
32 265
32 71
32 7
33 632
33 633
33 465
33 634
33 635
34 1
34 5
34 32
34 7
34 8
35 1
35 5
35 32
35 7
35 8
36 1
36 5
36 498
36 32
36 7
36 8
38 39
38 40
38 41
38 42
38 43
38 44
38 45
38 46
38 47
38 48
40 38
40 39
40 49
40 50
40 51
40 41
40 52
40 42
40 53
40 54
40 55
40 56
40 57
40 58
40 59
40 60
40 43
40 44
40 61
40 62
40 45
40 63
40 46
40 64
40 65
40 66
40 67
40 68
40 47
40 48
41 69
41 70
41 71
41 72
41 73
41 74
41 75
41 76
41 77
41 78
41 79
41 80
41 81
41 82
41 83
41 84
41 85
41 86
41 87
41 88
41 89
41 90
41 91
41 92
42 38
42 39
42 49
42 40
42 93
42 41
42 52
42 54
42 94
42 55
42 56
42 57
42 43
42 44
42 95
42 45
42 46
42 64
42 96
42 97
42 68
42 47
42 48
43 38
43 39
43 40
43 41
43 52
43 42
43 94
43 57
43 44
43 95
43 45
43 46
43 96
43 67
43 68
43 47
43 48
44 38
44 39
44 49
44 50
44 51
44 40
44 93
44 41
44 52
44 42
44 53
44 94
44 57
44 58
44 60
44 43
44 61
44 62
44 45
44 63
44 46
44 96
44 65
44 47
44 48
45 98
45 39
45 99
45 40
45 41
45 42
45 100
45 101
45 102
45 103
45 104
45 43
45 44
45 105
45 106
45 107
45 46
45 108
45 47
45 48
45 109
46 38
46 39
46 49
46 50
46 51
46 40
46 93
46 41
46 52
46 42
46 53
46 54
46 94
46 55
46 56
46 57
46 58
46 59
46 60
46 43
46 44
46 61
46 62
46 95
46 45
46 63
46 64
46 96
46 65
46 66
46 97
46 67
46 68
46 47
46 48
47 38
47 39
47 49
47 50
47 51
47 40
47 93
47 41
47 52
47 42
47 53
47 54
47 57
47 58
47 60
47 43
47 44
47 61
47 62
47 95
47 45
47 63
47 46
47 96
47 66
47 97
47 48
48 39
48 50
48 51
48 40
48 93
48 41
48 52
48 42
48 53
48 58
48 60
48 43
48 44
48 62
48 95
48 45
48 63
48 46
48 65
48 47
49 39
49 40
49 41
49 42
49 43
49 44
49 45
49 46
49 47
49 48
50 39
50 40
50 41
50 42
50 43
50 44
50 45
50 46
50 47
50 48
51 691
51 39
51 835
51 489
51 565
51 40
51 41
51 266
51 42
51 692
51 560
51 43
51 44
51 45
51 441
51 46
51 450
51 47
51 48
52 39
52 40
52 41
52 42
52 54
52 43
52 44
52 45
52 46
52 96
52 47
52 48
53 39
53 40
53 41
53 458
53 42
53 893
53 43
53 44
53 45
53 824
53 46
53 494
53 47
53 48
53 498
54 563
54 39
54 570
54 571
54 40
54 41
54 42
54 568
54 43
54 44
54 45
54 572
54 46
54 573
54 47
54 48
55 39
55 815
55 40
55 41
55 816
55 817
55 42
55 43
55 44
55 45
55 46
55 818
55 47
55 48
56 39
56 40
56 41
56 42
56 544
56 43
56 44
56 45
56 46
56 66
56 47
56 48
57 39
57 40
57 41
57 42
57 43
57 44
57 45
57 46
57 47
57 48
58 39
58 40
58 41
58 42
58 43
58 44
58 45
58 46
58 47
58 48
59 39
59 40
59 41
59 42
59 43
59 44
59 45
59 46
59 66
59 47
59 48
60 39
60 40
60 41
60 42
60 43
60 44
60 61
60 45
60 63
60 46
60 47
60 48
61 39
61 527
61 40
61 41
61 52
61 42
61 57
61 529
61 43
61 483
61 44
61 45
61 46
61 97
61 47
61 48
62 137
62 39
62 40
62 41
62 42
62 294
62 600
62 298
62 43
62 44
62 45
62 46
62 306
62 47
62 48
63 39
63 40
63 41
63 42
63 43
63 44
63 45
63 46
63 47
63 48
64 39
64 40
64 41
64 42
64 56
64 59
64 43
64 44
64 45
64 46
64 66
64 47
64 48
65 774
65 803
65 41
65 307
65 804
66 39
66 40
66 41
66 42
66 57
66 43
66 44
66 45
66 46
66 564
66 47
