1 1
1 2
1 5
1 6
1 7
1 3
1 8
1 4
2 2646
2 2647
2 4019
2 2648
2 2649
2 2650
2 3200
2 2651
2 2652
3 3096
5 1
5 9
5 10
5 11
5 12
5 13
5 14
5 15
5 16
5 17
5 18
5 19
5 7
5 8
6 1
6 20
6 12
6 13
6 21
6 22
6 23
6 24
6 25
6 7
6 8
7 1
7 5
7 26
7 27
7 23
7 28
7 29
7 30
7 18
7 31
7 32
7 8
8 1
8 5
8 33
8 34
8 35
8 21
8 36
8 37
8 32
8 7
9 3607
9 3608
9 3609
9 21
9 3610
9 3611
9 3350
9 3612
9 3613
10 1
10 3555
10 5
10 26
10 12
10 13
10 27
10 1316
10 168
10 23
10 28
10 24
10 17
10 169
10 29
10 170
10 171
10 1284
10 30
10 18
10 19
10 32
10 7
10 8
11 5
11 2823
11 9
11 10
11 172
11 2831
11 613
11 4269
11 173
11 2956
11 21
11 14
11 22
11 1192
11 1299
11 24
11 15
11 1869
11 174
11 169
11 2855
11 175
11 170
11 176
11 1619
11 32
11 1308
11 7
11 8
11 177
12 1
12 5
12 765
12 178
12 179
12 7
12 8
13 1
13 5
13 10
13 180
13 3695
13 181
13 1307
13 16
13 182
13 754
13 3705
13 183
13 184
13 19
13 7
13 8
14 185
15 1270
15 1295
15 186
15 187
15 1271
15 21
15 22
15 23
15 1273
15 1275
15 1276
16 1
16 5
16 29
16 7
16 8
17 1
17 5
17 658
17 11
17 188
17 1192
17 1869
17 3350
17 7
17 8
18 1
18 5
18 1312
18 1290
18 1313
18 1314
18 1315
18 1316
18 1317
18 1318
18 1319
18 1320
18 1321
18 1322
18 1289
18 3613
18 7
18 8
19 1
19 5
19 7
19 8
20 1
20 10
20 26
20 12
20 13
20 27
20 21
20 22
20 23
20 28
20 25
20 1284
20 18
20 19
20 7
20 8
22 4307
22 4308
22 4309
22 4310
22 4311
23 1
23 5
23 1285
23 1286
23 1287
23 1288
23 1289
23 7
23 8
24 1
24 5
24 1868
24 1869
24 1870
24 1871
24 1321
24 3173
24 169
24 170
24 176
24 3613
24 32
24 7
24 1872
24 8
25 1
25 10
25 20
25 26
25 670
25 658
25 12
25 13
25 21
25 22
25 188
25 23
25 28
25 1869
25 1284
25 19
25 7
25 8
26 1
26 5
26 9
26 10
26 1531
26 1787
26 172
26 1532
26 613
26 1789
26 1533
26 2956
26 27
26 1316
26 24
26 3785
26 1534
26 3350
26 169
26 29
26 170
26 171
26 30
26 2814
26 18
26 31
26 7
26 779
26 8
27 1
27 5
27 782
27 783
27 2831
27 784
27 785
27 786
27 787
27 788
27 770
27 789
27 790
27 791
27 7
27 8
28 1
28 3555
28 5
28 10
28 1531
28 1787
28 172
28 1532
28 178
28 1533
28 1869
28 27
28 1316
28 1537
28 1192
28 24
28 1534
28 169
28 179
28 29
28 1538
28 170
28 171
28 30
28 2814
28 18
28 31
28 32
28 7
28 8
29 1
29 5
29 783
29 2831
29 1540
29 1541
29 27
29 1542
29 1543
29 1544
29 18
29 7
29 8
30 1
30 5
30 1550
30 1868
30 1551
30 1552
30 1553
30 1554
30 1555
30 1556
30 1557
30 1558
30 1559
30 1560
30 1561
30 32
30 7
30 1872
30 8
31 1
31 5
31 10
31 1531
31 172
31 1532
31 1290
31 178
31 769
31 658
31 1533
31 1869
31 1482
31 27
31 168
31 22
31 1537
31 2442
31 3695
31 1299
31 23
31 1544
31 24
31 672
31 1534
31 1827
31 1165
31 169
31 3143
31 754
31 776
31 179
31 170
31 779
31 18
31 32
31 7
31 779
31 8
31 177
32 1
32 5
32 9
32 10
32 2831
32 797
32 21
32 22
32 23
32 24
32 1869
32 2895
32 1165
32 1871
32 7
33 2432
33 2433
33 3165
33 2434
33 2435
34 1
34 5
34 32
34 7
34 8
35 1
35 5
35 32
35 7
35 8
36 1
36 5
36 498
36 32
36 7
36 8
38 39
38 40
38 41
38 42
38 43
38 44
38 45
38 46
38 47
38 48
40 38
40 39
40 49
40 50
40 51
40 41
40 52
40 42
40 53
40 54
40 55
40 56
40 57
40 58
40 59
40 60
40 43
40 44
40 61
40 62
40 45
40 63
40 46
40 64
40 65
40 66
40 67
40 68
40 47
40 48
41 69
41 70
41 71
41 72
41 73
41 74
41 75
41 76
41 77
41 78
41 79
41 80
41 81
41 82
41 83
41 84
41 85
41 86
41 87
41 88
41 89
41 90
41 91
41 92
42 38
42 39
42 49
42 40
42 93
42 41
42 52
42 54
42 94
42 55
42 56
42 57
42 43
42 44
42 95
42 45
42 46
42 64
42 96
42 97
42 68
42 47
42 48
43 38
43 39
43 40
43 41
43 52
43 42
43 94
43 57
43 44
43 95
43 45
43 46
43 96
43 67
43 68
43 47
43 48
44 38
44 39
44 49
44 50
44 51
44 40
44 93
44 41
44 52
44 42
44 53
44 94
44 57
44 58
44 60
44 43
44 61
44 62
44 45
44 63
44 46
44 96
44 65
44 47
44 48
45 98
45 39
45 99
45 40
45 41
45 42
45 100
45 101
45 102
45 103
45 104
45 43
45 44
45 105
45 106
45 107
45 46
45 108
45 47
45 48
45 109
46 38
46 39
46 49
46 50
46 51
46 40
46 93
46 41
46 52
46 42
46 53
46 54
46 94
46 55
46 56
46 57
46 58
46 59
46 60
46 43
46 44
46 61
46 62
46 95
46 45
46 63
46 64
46 96
46 65
46 66
46 97
46 67
46 68
46 47
46 48
47 38
47 39
47 49
47 50
47 51
47 40
47 93
47 41
47 52
47 42
47 53
47 54
47 57
47 58
47 60
47 43
47 44
47 61
47 62
47 95
47 45
47 63
47 46
47 96
47 66
47 97
47 48
48 39
48 50
48 51
48 40
48 93
48 41
48 52
48 42
48 53
48 58
48 60
48 43
48 44
48 62
48 95
48 45
48 63
48 46
48 65
48 47
49 39
49 40
49 41
49 42
49 43
49 44
49 45
49 46
49 47
49 48
50 39
50 40
50 41
50 42
50 43
50 44
50 45
50 46
50 47
50 48
51 2491
51 39
51 835
51 489
51 3265
51 40
51 41
51 266
51 42
51 2492
51 560
51 43
51 44
51 45
51 441
51 46
51 3150
51 47
51 48
52 39
52 40
52 41
52 42
52 54
52 43
52 44
52 45
52 46
52 96
52 47
52 48
53 39
53 40
53 41
53 1358
53 42
53 893
53 43
53 44
53 45
53 824
53 46
53 1394
53 47
53 48
53 498
54 4163
54 39
54 4170
54 4171
54 40
54 41
54 42
54 4168
54 43
54 44
54 45
54 4172
54 46
54 4173
54 47
54 48
55 39
55 3515
55 40
55 41
55 3516
55 3517
55 42
55 43
55 44
55 45
55 46
55 3518
55 47
55 48
56 39
56 40
56 41
56 42
56 3244
56 43
56 44
56 45
56 46
56 66
56 47
56 48
57 39
57 40
57 41
57 42
57 43
57 44
57 45
57 46
57 47
57 48
58 39
58 40
58 41
58 42
58 43
58 44
58 45
58 46
58 47
58 48
59 39
59 40
59 41
59 42
59 43
59 44
59 45
59 46
59 66
59 47
59 48
60 39
60 40
60 41
60 42
60 43
60 44
60 61
60 45
60 63
60 46
60 47
60 48
61 39
61 4127
61 40
61 41
61 52
61 42
61 57
61 4129
61 43
61 1383
61 44
61 45
61 46
61 97
61 47
61 48
62 3737
62 39
62 40
62 41
62 42
62 1194
62 3300
62 1198
62 43
62 44
62 45
62 46
62 1206
62 47
62 48
63 39
63 40
63 41
63 42
63 43
63 44
63 45
63 46
63 47
63 48
64 39
64 40
64 41
64 42
64 56
64 59
64 43
64 44
64 45
64 46
64 66
64 47
64 48
65 4374
65 4403
65 41
65 1207
65 4404
66 39
66 40
66 41
66 42
66 57
66 43
66 44
66 45
66 46
66 3264
66 47
66 48
67 39
67 40
67 41
67 42
67 43
67 44
67 45
67 46
67 47
67 48
68 39
68 40
68 41
68 3663
68 42
68 3664
68 43
68 44
68 3665
68 45
68 3666
68 46
68 47
68 48
69 70
69 1182
69 71
69 3941
69 72
69 3488
69 73
69 76
69 1194
69 77
69 78
69 79
69 422
69 80
69 1198
69 2572
69 83
69 84
69 423
69 87
69 88
69 1394
69 89
69 1206
69 424
69 91
70 71
70 41
70 425
71 69
71 70
71 426
71 427
71 72
71 73
71 40
71 76
71 52
71 428
71 54
71 4123
71 429
71 77
71 430
71 341
71 78
71 79
71 4129
71 80
71 1383
71 83
71 431
71 84
71 432
71 87
71 4453
71 88
71 433
71 3324
71 89
71 108
71 91
72 1366
72 1367
72 1368
72 1369
72 1370
72 4127
72 40
72 1371
72 1372
72 4128
72 1373
72 1374
72 1375
72 1376
72 1377
72 3661
72 1378
72 1379
72 80
72 1380
72 1381
72 82
72 1361
72 1382
72 1383
72 1384
72 1229
72 4130
72 1385
72 2921
72 1386
72 1387
72 991
72 1388
72 1389
72 1390
72 1391
72 1392
72 1393
72 88
72 1394
72 1395
72 1790
73 69
73 70
73 71
73 72
73 76
73 77
73 1475
73 78
73 79
73 80
73 437
73 83
73 438
73 84
73 87
73 88
73 89
73 91
74 1110
74 41
74 1111
74 1112
74 1113
74 1114
74 1115
74 1116
74 1117
74 1118
75 41
75 2336
76 69
76 70
76 71
76 439
76 2874
76 72
76 440
76 73
76 4128
76 441
76 4123
76 4140
76 77
76 2878
76 78
76 79
76 1379
76 80
76 83
76 3267
76 3689
76 442
76 84
76 3705
76 87
76 4453
76 88
76 89
76 108
76 91
77 69
77 70
77 3309
77 71
77 2874
77 72
77 73
77 76
77 441
77 3347
77 78
77 79
77 80
77 1383
77 83
77 84
77 432
77 87
77 88
77 89
77 91
78 2691
78 69
78 70
78 443
78 71
78 444
78 997
78 72
78 73
78 4125
78 3656
78 76
78 1358
78 445
78 446
78 893
78 990
78 77
78 1376
78 2487
78 447
78 3661
78 3378
78 79
78 448
78 80
78 3745
78 4078
78 449
78 83
78 84
78 2916
78 450
78 2212
78 2921
78 991
78 1468
78 87
78 451
78 21
78 88
78 1394
78 89
78 1790
78 1789
78 91
78 452
79 69
79 70
79 453
79 71
79 454
79 3265
79 455
79 72
79 4127
79 73
79 74
79 40
79 456
79 76
79 1358
79 445
79 457
79 893
79 1194
79 77
79 458
79 78
79 80
79 82
79 459
79 1383
79 83
79 84
79 2916
79 432
79 460
79 461
79 87
79 88
79 1394
79 89
79 4126
79 462
79 91
80 465
80 466
80 41
80 467
80 468
80 469
80 470
80 4126
81 74
81 41
81 4122
82 1368
82 2229
82 2230
82 41
82 365
82 2231
82 2232
82 2233
82 3661
82 2234
82 2235
82 2921
82 2236
82 2237
82 2238
82 452
83 69
83 70
83 3307
83 487
83 71
83 488
83 489
83 490
83 72
83 73
83 93
83 76
83 902
83 52
83 491
83 492
83 4140
83 493
83 77
83 2878
83 78
83 79
83 80
83 494
83 495
83 442
83 84
83 3946
83 496
83 497
83 87
83 88
83 89
83 498
83 91
84 69
84 70
84 71
84 455
84 72
84 73
84 76
84 77
84 78
84 79
84 80
84 83
84 87
84 88
84 89
84 462
84 91
85 74
85 41
86 41
86 81
86 3827
87 69
87 70
87 71
87 72
87 73
87 76
87 77
87 78
87 79
87 80
87 83
87 84
87 88
87 89
87 462
87 91
88 69
88 499
88 70
88 71
88 72
88 73
88 456
88 76
88 457
88 77
88 500
88 78
88 79
88 80
88 1383
88 83
88 84
88 2916
88 461
88 87
88 89
88 91
89 69
89 70
89 1182
89 71
89 3265
89 3941
89 1104
89 72
89 73
89 76
89 893
89 4123
89 1207
89 77
89 501
89 78
89 79
89 80
89 502
89 1383
89 4078
89 83
89 3267
89 1384
89 84
89 2212
89 3321
89 2630
89 991
89 2631
89 1468
89 87
89 4453
89 3739
89 1393
89 88
89 3690
89 108
89 2637
89 91
90 69
90 70
90 71
90 72
90 73
90 4125
90 76
90 77
90 78
90 79
90 80
90 83
90 84
90 87
90 88
90 89
90 91
91 69
91 70
91 453
91 515
91 71
91 516
91 517
91 518
91 72
91 519
91 73
91 76
91 77
91 520
91 78
91 79
91 3747
91 3711
91 80
91 83
91 521
91 4376
91 84
91 4377
91 522
91 3485
91 523
91 4336
91 87
91 88
91 485
91 89
91 4378
91 3745
91 2305
92 3822
92 41
92 4128
92 1002
92 2487
92 458
92 3823
92 3824
92 3825
92 3826
92 3827
92 3828
92 3829
93 39
93 40
93 41
93 42
93 43
93 44
93 45
93 46
93 47
93 48
94 39
94 3330
94 40
94 41
94 42
94 43
94 44
94 45
94 46
94 47
94 48
95 39
95 40
95 41
95 42
95 43
95 44
95 45
95 46
95 47
95 48
96 39
96 40
96 41
96 42
96 94
96 43
96 44
96 45
96 46
96 47
96 48
97 39
97 40
97 41
97 42
97 43
97 44
97 45
97 46
97 47
97 48
98 39
98 1193
98 40
98 41
98 42
98 3250
98 57
98 43
98 44
98 45
98 46
98 64
98 47
98 48
99 39
99 40
99 41
99 42
99 3250
99 57
99 43
99 44
99 45
99 46
99 64
99 47
99 48
100 324
100 39
100 40
100 41
100 42
100 3250
100 407
100 57
100 408
100 43
100 44
100 45
100 46
100 64
100 47
100 48
101 39
101 4169
101 40
101 41
101 42
101 3250
101 57
101 43
101 44
101 45
101 46
101 64
101 1269
101 47
101 48
102 39
102 40
102 41
102 42
102 3250
102 57
102 1250
102 43
102 44
102 45
102 46
102 64
102 47
102 48
102 1249
103 39
103 40
103 41
103 42
103 4093
103 3250
103 57
103 3263
103 43
103 44
103 45
103 46
103 64
103 47
103 48
104 39
104 40
104 41
104 42
104 3250
104 57
104 43
104 44
104 4467
104 45
104 46
104 64
104 3261
104 47
104 48
105 39
105 40
105 41
105 3282
105 42
105 3250
105 57
105 43
105 44
105 817
105 45
105 46
105 64
105 47
105 48
106 39
106 40
106 41
106 42
106 3250
106 57
106 3402
106 43
106 44
106 45
106 46
106 64
106 210
106 47
106 48
107 39
107 40
107 41
107 42
107 3250
107 3794
107 1271
107 57
107 43
107 44
107 45
107 46
107 64
107 47
107 48
109 39
109 2887
109 40
109 41
109 42
109 3250
109 57
109 43
109 44
109 45
109 1188
109 2888
109 46
109 64
109 47
109 48
110 111
110 112
110 113
110 114
110 115
110 116
110 117
110 118
110 119
110 120
110 121
111 110
111 112
111 113
111 114
111 115
111 116
111 122
111 123
111 124
111 125
111 117
111 118
111 119
111 120
111 126
111 121
111 127
112 110
112 111
112 113
112 114
112 115
112 116
112 117
112 118
112 119
112 120
112 121
113 110
113 111
113 112
113 114
113 115
113 116
113 117
113 118
113 119
113 120
113 121
114 110
114 111
114 112
114 113
114 115
114 116
114 122
114 123
114 124
114 125
114 117
114 118
114 119
114 120
114 126
114 121
114 127
115 110
115 111
115 112
115 128
115 113
115 114
115 129
115 116
115 117
115 118
115 119
115 120
115 121
116 110
116 111
116 112
116 113
116 114
116 115
116 117
116 118
116 119
116 120
116 121
117 110
117 111
117 112
117 113
117 114
117 115
117 116
117 118
117 119
117 120
117 130
117 131
117 121
118 110
118 111
118 112
118 113
118 114
118 115
118 116
118 117
118 119
118 120
118 121
118 132
119 133
119 134
119 135
119 136
119 137
119 138
119 139
119 140
119 141
119 142
119 143
119 144
119 145
119 146
119 147
119 148
119 149
119 150
119 151
119 152
119 153
119 154
120 110
120 155
120 111
120 156
120 112
120 157
120 113
120 114
120 115
120 116
120 117
120 118
120 119
120 158
120 159
120 121
120 160
120 161
121 110
121 111
121 112
121 113
121 114
121 115
121 116
121 117
121 118
121 119
121 120
122 110
122 111
122 112
122 113
122 114
122 115
122 116
122 117
122 118
122 119
122 120
122 121
123 110
123 111
123 112
123 113
123 114
123 115
123 116
123 117
123 118
123 119
123 120
123 121
124 110
124 111
124 112
124 113
124 114
124 115
124 116
124 117
124 118
124 119
124 120
124 121
125 110
125 111
125 850
125 112
125 113
125 114
125 115
125 851
125 116
125 117
125 118
125 119
125 120
125 121
126 110
126 111
126 112
126 113
126 114
126 115
126 116
126 117
126 118
126 119
126 120
126 121
127 110
127 111
127 112
127 113
127 114
127 115
127 116
127 117
127 118
127 119
127 120
127 121
128 110
128 111
128 112
128 113
128 114
128 115
128 116
128 117
128 118
128 119
128 120
128 121
129 110
129 111
129 112
129 113
129 114
129 115
129 116
129 117
129 118
129 119
129 120
129 121
130 110
130 111
130 112
130 113
130 114
130 115
130 116
130 117
130 118
130 119
130 120
130 121
131 110
131 111
131 112
131 113
131 114
131 115
131 116
131 117
131 118
131 119
131 120
131 121
132 110
132 111
132 112
132 113
132 114
132 115
132 116
132 117
132 118
132 119
132 120
132 121
133 135
133 136
133 138
133 139
133 119
133 145
133 3355
133 147
133 1047
133 152
133 1048
134 119
135 1963
135 1964
135 1965
135 1966
135 1967
135 1968
135 119
135 3355
135 1969
135 1970
135 1971
135 1972
135 1973
135 1974
135 1975
135 1976
135 1977
136 133
136 1049
136 1292
136 135
136 1293
136 1050
136 138
136 139
136 1298
136 1051
136 1300
136 1302
136 1452
136 1052
136 1453
136 1641
136 1456
136 1315
136 1316
136 144
136 248
136 119
136 1053
136 145
136 1336
136 3355
136 147
136 1054
136 1344
136 151
136 1347
136 1533
136 1522
136 1349
136 1055
136 152
136 1056
136 1520
137 2647
137 2648
138 1471
138 1472
138 1473
138 1474
138 1475
138 1476
138 1477
138 1478
138 1479
138 1480
138 1481
138 1482
138 1483
138 1484
138 119
138 1485
138 147
138 1486
138 1487
138 1488
138 1489
139 612
139 613
139 614
139 615
139 135
139 616
139 617
139 618
139 119
139 619
139 620
139 621
139 3355
139 622
139 623
139 624
139 625
139 626
139 627
139 628
140 1638
140 1447
140 1290
140 745
140 1291
140 1292
140 135
140 1293
140 2791
140 1294
140 4335
140 747
140 1295
140 137
140 1296
140 139
140 1297
140 1298
140 1299
140 1300
140 1450
140 1301
140 1302
140 1303
140 1451
140 1304
140 1555
140 1305
140 1306
140 1452
140 1307
140 1308
140 1453
140 1309
140 141
140 1310
140 1311
140 1312
140 1313
140 1314
140 1641
140 1315
140 1316
140 1317
140 1318
140 1319
140 1320
140 1321
140 1322
140 1323
140 1324
140 1325
140 1326
140 1327
140 144
140 944
140 1328
140 1329
140 1330
140 119
140 1458
140 1331
140 1332
140 1333
140 1640
140 1334
140 1647
140 1335
140 1336
140 1337
140 3355
140 1338
140 1339
140 1340
140 1341
140 149
140 1342
140 1343
140 1344
140 1462
140 755
140 1650
140 151
140 1345
140 1346
140 1347
140 1533
140 1348
140 1522
140 1349
140 1350
140 1351
140 1467
140 1352
140 1353
140 1354
140 1355
140 1356
140 1357
140 1520
140 1655
140 3350
141 2566
141 3393
141 135
141 3384
141 137
141 3403
141 139
141 1996
141 140
141 1591
141 2651
141 2652
141 1476
141 2653
141 2654
141 2655
141 3388
141 2656
141 2657
141 2658
141 2659
141 1981
141 144
141 2660
141 2661
141 119
141 2662
141 2663
141 3355
141 2664
141 2665
141 149
141 1343
141 4435
141 150
141 1972
141 151
141 1465
141 1982
141 1962
141 3350
142 2850
142 119
142 1520
143 2661
143 119
144 1642
144 2668
144 135
144 137
144 139
144 140
144 2928
144 1643
144 2669
144 2670
144 1644
144 2671
144 141
144 1645
144 2797
144 2672
144 1646
144 2673
144 119
144 1459
144 2674
144 1640
144 1648
144 753
144 1649
144 3355
144 149
144 855
144 151
144 1651
144 1652
144 1056
144 1653
144 1654
144 1656
144 1657
144 2675
145 133
145 1057
145 135
145 136
145 138
145 139
145 1058
145 1059
145 1455
145 119
145 3355
145 147
145 1979
145 152
146 135
146 1965
146 2452
146 3059
146 119
146 3060
146 3355
146 3061
147 133
147 1541
147 135
147 136
147 138
147 139
147 1542
147 1543
147 1544
147 1545
147 1546
147 1482
147 119
147 145
147 3355
147 1547
147 152
147 1548
148 133
148 135
148 136
148 138
148 139
148 142
148 143
148 119
148 145
148 3355
148 147
148 149
148 152
148 153
149 198
149 2678
149 2679
149 2680
149 2681
149 2682
149 2683
149 135
149 2684
149 2685
149 2686
149 3384
149 137
149 2687
149 3403
149 139
149 140
149 2688
149 1592
149 2689
149 1473
149 2690
149 2653
149 2654
149 2691
149 2692
149 2693
149 1052
149 2694
149 2695
149 2696
149 2697
149 2698
149 141
149 2656
149 2699
149 2700
149 2657
149 2701
149 1456
149 2702
149 209
149 2703
149 2704
149 1981
149 2705
149 2706
149 143
149 144
149 119
149 2707
149 2708
149 2709
149 2710
149 2711
149 3355
149 2712
149 2713
149 1463
149 1486
149 4435
149 151
149 2714
149 1465
149 2715
149 1564
149 2716
149 2717
149 1466
149 1982
149 2718
149 2719
149 2720
149 153
149 3350
151 1446
151 1447
151 134
151 1448
151 1440
151 1449
151 1450
151 1545
151 119
151 1444
151 1445
151 1451
152 133
152 135
152 136
152 138
152 139
152 119
152 145
152 3355
152 147
153 2266
153 1778
153 2268
153 2277
153 1779
153 2283
153 2286
153 1781
153 119
153 1782
153 2288
153 2290
154 133
154 135
154 1050
154 2723
154 2864
154 136
154 138
154 139
154 1643
154 1318
154 142
154 143
154 119
154 145
154 3355
154 147
154 149
154 1650
154 150
154 152
154 1353
154 675
155 110
155 111
155 112
155 113
155 114
155 115
155 116
155 117
155 118
155 119
155 120
155 121
156 110
156 111
156 112
156 113
156 114
156 115
156 116
156 117
156 118
156 119
156 120
156 121
157 110
157 111
157 112
157 113
157 114
157 115
157 116
157 117
157 118
157 119
157 120
157 121
158 110
158 111
158 112
158 113
158 114
158 115
158 116
158 117
158 118
158 119
158 120
158 121
159 110
159 111
159 112
159 113
159 114
159 115
159 116
159 117
159 118
159 119
159 120
159 121
160 110
160 111
160 112
160 113
160 114
160 115
160 116
160 117
160 118
160 119
160 120
160 121
161 110
161 111
161 112
161 113
161 114
161 115
161 116
161 117
161 118
161 119
161 120
161 121
162 163
162 164
162 165
162 166
162 167
162 168
162 169
163 162
163 164
163 165
163 166
163 167
163 168
163 169
164 162
164 163
164 165
164 170
164 166
164 167
164 168
164 169
165 162
165 163
165 164
165 166
165 167
165 168
165 169
166 171
166 172
166 173
166 174
166 175
166 176
166 177
166 178
166 179
166 180
166 181
166 182
166 183
166 184
166 185
166 186
166 187
166 188
166 189
166 190
166 191
166 192
166 193
166 194
166 195
166 196
167 197
167 165
167 198
167 199
167 200
167 201
167 166
167 202
167 203
167 204
167 205
167 206
167 207
167 208
167 209
167 210
167 211
167 212
167 213
167 196
168 162
168 163
168 164
168 165
168 166
168 167
168 169
169 162
169 163
169 164
169 165
169 166
169 167
169 168
170 200
170 166
170 50
170 456
170 202
170 4079
170 4083
170 457
170 458
170 1175
170 3256
170 167
170 212
170 1247
170 1165
170 1041
170 196
171 3327
171 4060
171 172
171 173
171 175
171 3599
171 176
171 177
171 3590
171 166
171 183
171 4076
171 1104
171 2013
171 178
171 3096
171 4086
171 2310
171 3097
171 3098
171 180
171 182
171 183
171 4098
171 2205
171 2305
171 184
171 3099
171 186
171 187
171 3100
171 1825
171 2190
171 189
171 3101
171 1118
171 190
171 2299
171 3102
171 414
171 191
171 192
171 4120
171 4121
171 193
171 3103
171 3530
171 239
171 195
172 4056
172 171
172 3104
172 4061
172 173
172 3105
172 3106
172 175
172 176
172 177
172 3107
172 166
172 2687
172 1545
172 2302
172 3527
172 4082
172 178
172 180
172 182
172 183
172 4097
172 3014
172 2189
172 184
172 424
172 186
172 187
172 4108
172 3108
172 4111
172 189
172 3109
172 190
172 2192
172 2120
172 191
172 3110
172 192
172 1255
172 193
172 3111
172 2685
172 1129
172 239
172 195
172 1835
172 3112
173 166
173 1445
175 3711
175 171
175 1059
175 172
175 173
175 2826
175 174
175 176
175 1561
175 177
175 2983
175 2058
175 166
175 1410
175 3113
175 1545
175 3114
175 2013
175 178
175 3115
175 2312
175 3116
175 2652
175 4400
175 180
175 182
175 1415
175 2666
175 1074
175 183
175 2668
175 3198
175 184
175 818
175 4114
175 186
175 187
175 3117
175 4109
175 4110
175 189
175 4065
175 190
175 191
175 192
175 1457
175 2297
175 1165
175 3996
175 56
175 193
175 3042
175 166
175 2195
175 239
175 195
176 2686
176 716
176 162
176 171
176 3015
176 172
176 173
176 3118
176 3119
176 4063
176 2796
176 198
176 174
176 1585
176 57
176 175
176 182
176 3599
176 1061
176 3120
176 177
176 3214
176 3590
176 3121
176 166
176 2202
176 4080
176 3122
176 4081
176 178
176 4083
176 2827
176 626
176 1409
176 3123
176 4117
176 3124
176 4090
176 185
176 180
176 3145
176 182
176 3528
176 183
176 184
176 4101
176 3125
176 701
176 186
176 187
176 3586
176 189
176 2097
176 190
176 3609
176 4119
176 2019
176 2296
176 1562
176 191
176 192
176 2908
176 1072
176 3126
176 193
176 3127
176 194
176 3128
176 3129
176 121
176 239
176 195
177 171
177 3598
177 3130
177 172
177 173
177 2514
177 175
177 176
177 2067
177 2297
177 4115
177 4072
177 166
177 3131
177 1659
177 178
177 3115
177 180
177 3972
177 206
177 182
177 183
177 184
177 3132
177 186
177 187
177 3133
177 189
177 190
177 2192
177 3582
177 3134
177 633
177 3135
177 3136
177 191
177 192
177 4121
177 3126
177 65
177 193
177 239
177 195
178 2683
178 171
178 172
178 173
178 3139
178 175
178 176
178 177
178 3140
178 166
178 3995
178 4074
178 4333
178 2401
178 3141
178 1369
178 180
178 2372
178 182
178 183
178 3142
178 1965
178 184
178 3132
178 161
178 266
178 3143
178 186
178 187
178 402
178 188
178 189
178 3144
178 190
178 4116
178 2019
178 2193
178 3145
178 191
178 192
178 1457
178 193
178 239
178 195
179 166
179 1814
179 217
179 218
180 171
180 3581
180 3158
180 1409
180 172
180 173
180 3105
180 174
180 4064
180 175
180 176
180 177
180 2983
180 3159
180 166
180 3600
180 3160
180 2078
180 4078
180 3114
180 178
180 4425
180 2188
180 2203
180 2652
180 3098
180 2204
180 1445
180 182
180 183
180 2022
180 2205
180 184
180 1251
180 1275
180 186
180 4106
180 187
180 3755
180 2190
180 2298
180 2688
180 189
180 4115
180 3139
180 190
180 2984
180 4085
180 191
180 192
180 3996
180 3610
180 1943
180 193
180 3718
180 3161
180 239
180 195
181 3130
181 171
181 172
181 173
181 1585
181 175
181 176
181 177
181 166
181 3114
181 178
181 3096
181 2380
181 3098
181 180
181 182
181 183
181 1814
181 208
181 184
181 186
181 217
181 187
181 3128
181 189
181 1145
181 190
181 2019
181 191
181 192
181 2908
181 1255
181 4261
181 3610
181 193
181 3718
181 2195
181 195
181 196
182 680
182 171
182 172
182 173
182 174
182 175
182 176
182 177
182 4069
182 166
182 1256
182 4073
182 4333
182 178
182 2188
182 4091
182 3143
182 180
182 3162
182 183
182 2189
182 184
182 2220
182 266
182 3163
182 186
182 187
182 2383
182 189
182 3164
182 190
182 2192
182 3609
182 414
182 191
182 3110
182 192
182 1247
182 3165
182 4122
182 193
182 3166
182 3140
182 239
182 195
183 171
183 172
183 173
183 175
183 176
183 177
183 166
183 178
183 180
183 182
183 184
183 186
183 187
183 189
183 190
183 191
183 192
183 193
183 195
183 196
184 171
184 172
184 173
184 3118
184 4062
184 1586
184 175
184 3599
184 176
184 177
184 1063
184 166
184 3131
184 4077
184 4081
184 178
184 3175
184 2044
184 2203
184 2441
184 180
184 4093
184 3176
184 182
184 183
184 2071
184 1834
184 186
184 187
184 4290
184 189
184 190
184 2019
184 1562
184 191
184 192
184 3177
184 3231
184 3178
184 193
184 3179
184 1041
184 3266
184 239
184 195
184 3180
184 3181
185 171
185 172
185 173
185 175
185 176
185 2057
185 177
185 2250
185 166
185 183
185 184
185 178
185 185
185 180
185 182
185 183
185 184
185 186
185 187
185 189
185 4065
185 190
185 191
185 192
185 193
185 195
185 196
186 171
186 172
186 173
186 175
186 176
186 177
186 806
186 2250
186 166
186 4333
186 178
186 1296
186 180
186 182
186 183
186 3182
186 3183
186 3184
186 184
186 825
186 1067
186 3125
186 4105
186 1543
186 187
186 3185
186 3108
186 189
186 190
186 4117
186 1127
186 4436
186 2984
186 191
186 192
186 193
186 239
186 195
187 171
187 3581
187 3598
187 3132
187 3158
187 172
187 173
187 3106
187 1585
187 175
187 176
187 4067
187 3186
187 4068
187 177
187 4071
187 4072
187 166
187 3131
187 1411
187 535
187 178
187 2079
187 2827
187 2031
187 4088
187 3155
187 1534
187 180
187 4092
187 3751
187 2372
187 182
187 2390
187 1074
187 183
187 1814
187 184
187 1547
187 3132
187 266
187 186
187 217
187 3187
187 3133
187 4290
187 3188
187 2190
187 189
187 4112
187 2097
187 190
187 2984
187 191
187 192
187 3189
187 4292
187 3610
187 1943
187 193
187 1549
187 822
187 3190
187 4124
187 186
187 239
187 195
187 4126
187 4057
188 745
188 746
188 747
188 166
188 748
188 749
188 750
188 751
188 752
188 753
188 754
188 755
188 756
188 757
188 758
188 759
188 760
188 761
188 193
189 3074
189 3130
189 171
189 172
189 173
189 175
189 176
189 177
189 2058
189 166
189 267
189 178
189 4084
189 3604
189 180
189 182
189 183
189 3216
189 184
189 1405
189 3163
189 186
189 187
189 3185
189 190
189 3217
189 191
189 192
189 3189
189 193
189 2639
189 2291
189 239
189 195
190 3077
190 171
190 3158
190 172
190 173
190 175
190 176
190 177
190 2058
190 166
190 2311
190 3527
190 178
190 4087
190 3222
190 2652
190 185
190 180
190 3505
190 182
190 183
190 184
190 4099
190 1535
190 186
190 187
190 4110
190 189
190 3156
190 3529
190 191
190 192
190 4071
190 193
190 239
190 195
190 2208
191 3188
191 2763
191 3074
191 171
191 3015
191 1409
191 1543
191 172
191 173
191 175
191 4066
191 176
191 177
191 3140
191 2983
191 4070
191 4115
191 3590
191 2250
191 166
191 1104
191 3114
191 2377
191 1065
191 3527
191 178
191 1369
191 112
191 3085
191 3155
191 3116
191 180
191 3176
191 1824
191 182
191 183
191 3240
191 3241
191 184
191 3242
191 4100
191 186
191 217
191 187
191 2190
191 1412
191 189
191 190
191 3243
191 1589
191 1146
191 192
191 3189
191 4261
191 1943
191 193
191 3718
191 3140
191 239
191 195
191 2388
192 435
192 2763
192 4090
192 171
192 3244
192 3158
192 172
192 173
192 175
192 4065
192 176
192 177
192 2250
192 166
192 184
192 4333
192 1065
192 178
192 3115
192 3097
192 180
192 3145
192 182
192 3606
192 183
192 184
192 2196
192 1411
192 185
192 701
192 186
192 187
192 3245
192 2190
192 3128
192 189
192 4113
192 190
192 212
192 191
192 3610
192 2385
192 193
192 2194
192 1236
192 4125
192 239
192 195
193 171
193 172
193 173
193 175
193 176
193 177
193 166
193 3135
193 178
193 180
193 182
193 183
193 184
193 186
193 187
193 189
193 190
193 191
193 192
193 195
193 196
194 2825
194 171
194 172
194 173
194 2826
194 175
194 176
194 177
194 166
194 2376
194 178
194 2827
194 2828
194 180
194 2829
194 182
194 2830
194 183
194 184
194 186
194 187
194 4172
194 189
194 2097
194 190
194 191
194 192
194 4071
194 1072
194 119
194 193
194 121
194 195
194 196
195 4090
195 171
195 3251
195 172
195 173
195 175
195 3120
195 176
195 177
195 2983
195 3590
195 166
195 3252
195 3253
195 1065
195 178
195 3175
195 165
195 3254
195 180
195 182
195 183
195 184
195 3255
195 4102
195 4103
195 266
195 4104
195 186
195 3256
195 217
195 4107
195 187
195 3100
195 189
195 4114
195 190
195 633
195 3145
195 191
195 3257
195 192
195 4123
195 193
195 1129
195 239
195 3181
196 166
196 4071
197 200
197 166
197 50
197 202
197 4083
197 167
197 1165
197 1041
197 196
198 1434
198 1435
198 1436
198 1437
198 166
198 1438
198 1439
198 1440
198 1441
198 167
198 1442
198 1443
198 1444
199 200
199 166
199 206
199 207
199 167
199 3266
199 196
200 1043
200 1044
200 1045
200 1046
200 166
200 1047
200 1048
200 1049
200 1050
200 1051
200 1052
200 1053
200 1054
200 1055
200 167
200 1056
200 1057
200 1058
200 196
201 162
201 1576
201 1662
201 200
201 166
201 1577
201 1581
201 1582
201 2798
201 1583
201 1584
201 1585
201 1586
201 1587
201 167
201 3265
201 1579
201 1580
201 196
202 170
202 200
202 166
202 204
202 167
202 3165
202 196
203 775
203 776
203 777
203 778
203 779
203 780
203 781
203 782
203 783
203 784
204 4326
204 200
204 166
204 1602
204 1603
204 1604
204 167
204 1605
204 196
205 165
205 198
205 1062
205 1169
205 200
205 166
205 1074
205 203
205 1600
205 1075
205 206
205 52
205 167
205 1601
205 1495
205 229
205 196
206 1486
206 1487
206 1488
206 1489
206 200
206 166
206 1490
206 1491
206 1492
206 1493
206 1494
206 167
206 1495
206 1496
206 1497
206 1498
206 196
207 200
207 166
207 210
207 167
207 196
208 197
208 200
208 201
208 166
208 1709
208 1578
208 202
208 2935
208 3148
208 188
208 167
208 1664
208 1071
208 212
208 2019
208 3588
208 3266
208 196
209 200
209 166
209 2303
209 185
209 3360
209 167
209 3361
209 3362
209 3996
209 196
210 197
210 173
210 199
210 200
210 166
210 202
210 205
210 207
210 3503
210 167
210 2226
210 3504
210 3505
210 2936
210 3506
210 196
211 230
211 231
211 232
211 233
211 234
211 235
211 236
211 237
211 238
211 239
211 240
212 439
212 200
212 166
212 457
212 167
212 2226
212 196
213 162
213 1588
213 200
213 201
213 166
213 1589
213 1585
213 167
213 1579
213 1165
213 3266
213 1590
213 196
214 215
214 216
214 217
214 218
214 219
214 220
214 221
215 222
215 223
215 224
215 225
215 217
215 226
215 227
215 228
215 229
215 230
215 219
215 220
215 231
215 232
215 233
215 234
215 235
215 236
216 215
216 217
216 219
216 220
217 215
217 237
217 238
217 239
217 240
217 241
217 219
217 220
217 242
217 243
217 244
217 245
218 215
218 217
218 219
218 220
219 215
219 246
219 247
219 248
219 249
219 217
219 241
219 220
219 250
219 251
219 252
220 215
220 216
220 217
220 219
220 221
221 214
221 215
221 217
221 219
221 220
222 651
222 662
222 664
222 669
222 677
222 3173
222 1876
222 688
222 2597
222 1877
222 698
222 706
224 1370
224 654
224 669
224 672
224 1371
224 3173
224 688
224 695
224 698
224 699
225 714
225 3173
225 206
226 663
226 669
226 3173
226 3490
226 688
226 689
226 691
226 698
226 701
227 659
227 660
227 669
227 3173
227 682
227 1896
227 1878
227 1897
227 685
227 686
227 688
227 1898
227 698
227 3489
227 700
227 1899
227 252
228 725
228 726
228 727
228 728
228 729
228 730
228 3173
228 731
228 732
228 733
229 3049
229 3050
229 3173
229 3051
231 1934
231 158
231 1950
231 1935
231 1936
231 1937
231 1938
231 3173
231 1939
231 1940
231 1941
231 1943
231 1953
233 214
233 3181
233 375
233 206
234 3173
235 2594
235 2568
235 2595
235 2596
235 669
235 674
235 675
235 227
235 740
235 3173
235 687
235 688
235 2597
235 2598
235 698
235 702
235 709
236 1900
236 3491
236 1901
236 2596
236 668
236 669
236 671
236 3173
236 1878
236 683
236 688
236 698
236 705
236 707
236 1902
237 215
237 217
237 219
237 220
238 215
238 217
238 219
238 220
239 4270
239 4271
239 4272
239 4273
239 157
239 4275
239 4276
239 167
239 3173
239 1380
239 178
239 4278
239 185
239 4279
239 1144
239 189
239 214
239 4280
239 199
239 148
241 215
241 217
241 219
241 220
244 441
244 537
244 538
244 865
244 71
244 2668
244 539
244 540
246 144
246 215
246 2763
246 3980
246 423
246 893
246 2439
246 217
246 3127
246 4342
246 3885
246 2341
246 241
246 219
246 220
246 1256
246 4333
246 1967
247 1487
247 1470
247 1471
247 1481
247 1473
247 1474
247 1489
247 1482
247 1476
247 1490
247 1483
247 1477
247 1484
247 1485
247 3021
247 1486
247 1480
247 3022
247 1488
248 1860
248 1861
248 1862
248 3173
248 1863
248 715
248 2101
249 2103
249 2105
249 2106
249 2096
249 2107
249 2097
249 2098
249 2099
249 2100
249 2108
249 2101
250 894
250 897
250 899
250 900
250 902
250 903
250 904
250 3173
250 905
250 908
250 912
250 204
250 1083
250 918
250 920
250 1380
250 919
252 2224
252 2225
252 2226
252 2227
252 644
252 2228
252 2229
252 3173
252 2230
252 253
253 254
253 255
253 256
254 257
255 254
255 256
256 258
257 3965
257 3957
257 3967
257 3959
257 3960
257 3961
257 3962
257 3994
257 2046
258 257
258 3333
258 256
259 260
259 261
259 262
259 263
259 264
259 265
259 266
259 267
259 268
259 269
259 270
259 271
259 272
259 273
259 274
259 275
260 276
260 277
260 261
260 262
260 278
260 265
260 266
260 279
260 268
260 280
260 269
260 271
260 281
260 282
260 283
260 284
260 275
261 260
261 263
261 278
261 266
261 268
261 285
261 269
261 271
261 284
261 275
261 286
262 260
262 261
262 266
262 268
262 269
262 271
262 275
263 260
263 261
263 266
263 268
263 269
263 271
263 275
264 260
264 261
264 263
264 266
264 268
264 269
264 271
264 287
264 275
265 266
265 270
265 275
266 288
266 289
266 290
266 291
266 292
266 293
266 294
266 295
266 296
266 297
266 298
266 299
266 300
266 301
266 302
266 303
266 304
266 305
266 306
266 307
266 308
266 309
266 310
266 311
266 312
266 313
266 314
266 315
267 260
267 261
267 316
267 266
267 317
267 268
267 269
267 271
267 275
268 260
268 261
268 318
268 316
268 266
268 319
268 269
268 271
268 281
268 275
269 259
269 260
269 261
269 266
269 317
269 268
269 271
269 272
269 284
269 275
270 320
270 271
271 260
271 261
271 266
271 268
271 269
271 275
272 259
272 276
272 260
272 261
272 262
272 266
272 279
272 321
272 268
272 269
272 271
272 322
272 323
272 283
272 275
273 324
273 325
273 326
273 327
273 328
273 329
274 260
274 261
274 266
274 268
274 280
274 269
274 271
274 282
274 275
275 260
275 261
275 263
275 266
275 268
275 269
275 271
275 286
276 263
276 266
276 3085
276 271
276 323
276 283
276 275
277 266
277 320
277 270
277 271
277 3087
277 275
278 266
278 4386
278 275
279 266
279 321
279 280
279 275
280 266
280 275
281 260
281 261
281 263
281 266
281 3989
281 268
281 269
281 271
281 3829
281 3990
281 3991
281 275
282 266
282 275
283 263
283 316
283 266
283 2421
283 320
283 270
283 322
283 275
284 618
284 260
284 619
284 261
284 266
284 268
284 269
284 271
284 275
285 260
285 261
285 266
285 268
285 269
285 271
285 275
286 260
286 261
286 266
286 268
286 269
286 271
286 275
287 263
287 2531
287 266
287 264
287 265
287 266
288 289
288 290
288 291
288 292
288 293
288 294
288 296
288 298
288 4406
288 266
288 300
288 4410
288 301
288 429
288 302
288 1382
288 440
288 1332
288 4386
288 303
288 304
288 305
288 306
288 431
288 308
288 309
288 1201
288 311
288 312
288 314
288 315
289 288
289 3204
289 4293
289 511
289 3205
289 290
289 291
289 292
289 293
289 294
289 1273
289 3206
289 296
289 2077
289 298
289 2350
289 1268
289 266
289 300
289 3207
289 2421
289 3208
289 301
289 304
289 302
289 320
289 4386
289 303
289 304
289 1254
289 486
289 305
289 306
289 2078
289 1327
289 3829
289 3209
289 3697
289 308
289 1261
289 3210
289 309
289 1539
289 1733
289 311
289 1328
289 3211
289 312
289 3832
289 314
289 315
289 287
290 3567
290 288
290 289
290 4293
290 291
290 292
290 293
290 294
290 3206
290 296
290 2077
290 3993
290 298
290 2350
290 3930
290 987
290 1240
290 1632
290 266
290 300
290 4353
290 3212
290 2421
290 301
290 302
290 3213
290 320
290 303
290 304
290 305
290 306
290 3214
290 2078
290 308
290 993
290 309
290 1539
290 1963
290 3322
290 1733
290 311
290 1328
290 312
290 4261
290 3215
290 314
290 4358
290 315
290 287
290 4163
291 288
291 289
291 1275
291 290
291 292
291 293
291 294
291 3216
291 296
291 3217
291 298
291 987
291 3218
291 266
291 300
291 3212
291 2421
291 3219
