4096
0	0
0	64
0	128
0	192
0	256
0	320
0	384
0	448
64	0
64	64
64	128
64	192
64	256
64	320
64	384
64	448
128	0
128	64
128	128
128	192
128	256
128	320
128	384
128	448
192	0
192	64
192	128
192	192
192	256
192	320
192	384
192	448
256	0
256	64
256	128
256	192
256	256
256	320
256	384
256	448
320	0
320	64
320	128
320	192
320	256
320	320
320	384
320	448
384	0
384	64
384	128
384	192
384	256
384	320
384	384
384	448
448	0
448	64
448	128
448	192
448	256
448	320
448	384
448	448
512	0
512	64
512	128
512	192
512	256
512	320
512	384
512	448
576	0
576	64
576	128
576	192
576	256
576	320
576	384
576	448
640	0
640	64
640	128
640	192
640	256
640	320
640	384
640	448
704	0
704	64
704	128
704	192
704	256
704	320
704	384
704	448
768	0
768	64
768	128
768	192
768	256
768	320
768	384
768	448
832	0
832	64
832	128
832	192
832	256
832	320
832	384
832	448
896	0
896	64
896	128
896	192
896	256
896	320
896	384
896	448
960	0
960	64
960	128
960	192
960	256
960	320
960	384
960	448
1024	0
1024	64
1024	128
1024	192
1024	256
1024	320
1024	384
1024	448
1088	0
1088	64
1088	128
1088	192
1088	256
1088	320
1088	384
1088	448
1152	0
1152	64
1152	128
1152	192
1152	256
1152	320
1152	384
1152	448
1216	0
1216	64
1216	128
1216	192
1216	256
1216	320
1216	384
1216	448
1280	0
1280	64
1280	128
1280	192
1280	256
1280	320
1280	384
1280	448
1344	0
1344	64
1344	128
1344	192
1344	256
1344	320
1344	384
1344	448
1408	0
1408	64
1408	128
1408	192
1408	256
1408	320
1408	384
1408	448
1472	0
1472	64
1472	128
1472	192
1472	256
1472	320
1472	384
1472	448
1536	0
1536	64
1536	128
1536	192
1536	256
1536	320
1536	384
1536	448
1600	0
1600	64
1600	128
1600	192
1600	256
1600	320
1600	384
1600	448
1664	0
1664	64
1664	128
1664	192
1664	256
1664	320
1664	384
1664	448
1728	0
1728	64
1728	128
1728	192
1728	256
1728	320
1728	384
1728	448
1792	0
1792	64
1792	128
1792	192
1792	256
1792	320
1792	384
1792	448
1856	0
1856	64
1856	128
1856	192
1856	256
1856	320
1856	384
1856	448
1920	0
1920	64
1920	128
1920	192
1920	256
1920	320
1920	384
1920	448
1984	0
1984	64
1984	128
1984	192
1984	256
1984	320
1984	384
1984	448
2048	0
2048	64
2048	128
2048	192
2048	256
2048	320
2048	384
2048	448
2112	0
2112	64
2112	128
2112	192
2112	256
2112	320
2112	384
2112	448
2176	0
2176	64
2176	128
2176	192
2176	256
2176	320
2176	384
2176	448
2240	0
2240	64
2240	128
2240	192
2240	256
2240	320
2240	384
2240	448
2304	0
2304	64
2304	128
2304	192
2304	256
2304	320
2304	384
2304	448
2368	0
2368	64
2368	128
2368	192
2368	256
2368	320
2368	384
2368	448
2432	0
2432	64
2432	128
2432	192
2432	256
2432	320
2432	384
2432	448
2496	0
2496	64
2496	128
2496	192
2496	256
2496	320
2496	384
2496	448
2560	0
2560	64
2560	128
2560	192
2560	256
2560	320
2560	384
2560	448
2624	0
2624	64
2624	128
2624	192
2624	256
2624	320
2624	384
2624	448
2688	0
2688	64
2688	128
2688	192
2688	256
2688	320
2688	384
2688	448
2752	0
2752	64
2752	128
2752	192
2752	256
2752	320
2752	384
2752	448
2816	0
2816	64
2816	128
2816	192
2816	256
2816	320
2816	384
2816	448
2880	0
2880	64
2880	128
2880	192
2880	256
2880	320
2880	384
2880	448
2944	0
2944	64
2944	128
2944	192
2944	256
2944	320
2944	384
2944	448
3008	0
3008	64
3008	128
3008	192
3008	256
3008	320
3008	384
3008	448
3072	0
3072	64
3072	128
3072	192
3072	256
3072	320
3072	384
3072	448
3136	0
3136	64
3136	128
3136	192
3136	256
3136	320
3136	384
3136	448
3200	0
3200	64
3200	128
3200	192
3200	256
3200	320
3200	384
3200	448
3264	0
3264	64
3264	128
3264	192
3264	256
3264	320
3264	384
3264	448
3328	0
3328	64
3328	128
3328	192
3328	256
3328	320
3328	384
3328	448
3392	0
3392	64
3392	128
3392	192
3392	256
3392	320
3392	384
3392	448
3456	0
3456	64
3456	128
3456	192
3456	256
3456	320
3456	384
3456	448
3520	0
3520	64
3520	128
3520	192
3520	256
3520	320
3520	384
3520	448
3584	0
3584	64
3584	128
3584	192
3584	256
3584	320
3584	384
3584	448
3648	0
3648	64
3648	128
3648	192
3648	256
3648	320
3648	384
3648	448
3712	0
3712	64
3712	128
3712	192
3712	256
3712	320
3712	384
3712	448
3776	0
3776	64
3776	128
3776	192
3776	256
3776	320
3776	384
3776	448
3840	0
3840	64
3840	128
3840	192
3840	256
3840	320
3840	384
3840	448
3904	0
3904	64
3904	128
3904	192
3904	256
3904	320
3904	384
3904	448
3968	0
3968	64
3968	128
3968	192
3968	256
3968	320
3968	384
3968	448
4032	0
4032	64
4032	128
4032	192
4032	256
4032	320
4032	384
4032	448
4096	0
4096	64
4096	128
4096	192
4096	256
4096	320
4096	384
4096	448
4160	0
4160	64
4160	128
4160	192
4160	256
4160	320
4160	384
4160	448
4224	0
4224	64
4224	128
4224	192
4224	256
4224	320
4224	384
4224	448
4288	0
4288	64
4288	128
4288	192
4288	256
4288	320
4288	384
4288	448
4352	0
4352	64
4352	128
4352	192
4352	256
4352	320
4352	384
4352	448
4416	0
4416	64
4416	128
4416	192
4416	256
4416	320
4416	384
4416	448
4480	0
4480	64
4480	128
4480	192
4480	256
4480	320
4480	384
4480	448
4544	0
4544	64
4544	128
4544	192
4544	256
4544	320
4544	384
4544	448
4608	0
4608	64
4608	128
4608	192
4608	256
4608	320
4608	384
4608	448
4672	0
4672	64
4672	128
4672	192
4672	256
4672	320
4672	384
4672	448
4736	0
4736	64
4736	128
4736	192
4736	256
4736	320
4736	384
4736	448
4800	0
4800	64
4800	128
4800	192
4800	256
4800	320
4800	384
4800	448
4864	0
4864	64
4864	128
4864	192
4864	256
4864	320
4864	384
4864	448
4928	0
4928	64
4928	128
4928	192
4928	256
4928	320
4928	384
4928	448
4992	0
4992	64
4992	128
4992	192
4992	256
4992	320
4992	384
4992	448
5056	0
5056	64
5056	128
5056	192
5056	256
5056	320
5056	384
5056	448
5120	0
5120	64
5120	128
5120	192
5120	256
5120	320
5120	384
5120	448
5184	0
5184	64
5184	128
5184	192
5184	256
5184	320
5184	384
5184	448
5248	0
5248	64
5248	128
5248	192
5248	256
5248	320
5248	384
5248	448
5312	0
5312	64
5312	128
5312	192
5312	256
5312	320
5312	384
5312	448
5376	0
5376	64
5376	128
5376	192
5376	256
5376	320
5376	384
5376	448
5440	0
5440	64
5440	128
5440	192
5440	256
5440	320
5440	384
5440	448
5504	0
5504	64
5504	128
5504	192
5504	256
5504	320
5504	384
5504	448
5568	0
5568	64
5568	128
5568	192
5568	256
5568	320
5568	384
5568	448
5632	0
5632	64
5632	128
5632	192
5632	256
5632	320
5632	384
5632	448
5696	0
5696	64
5696	128
5696	192
5696	256
5696	320
5696	384
5696	448
5760	0
5760	64
5760	128
5760	192
5760	256
5760	320
5760	384
5760	448
5824	0
5824	64
5824	128
5824	192
5824	256
5824	320
5824	384
5824	448
5888	0
5888	64
5888	128
5888	192
5888	256
5888	320
5888	384
5888	448
5952	0
5952	64
5952	128
5952	192
5952	256
5952	320
5952	384
5952	448
6016	0
6016	64
6016	128
6016	192
6016	256
6016	320
6016	384
6016	448
6080	0
6080	64
6080	128
6080	192
6080	256
6080	320
6080	384
6080	448
6144	0
6144	64
6144	128
6144	192
6144	256
6144	320
6144	384
6144	448
6208	0
6208	64
6208	128
6208	192
6208	256
6208	320
6208	384
6208	448
6272	0
6272	64
6272	128
6272	192
6272	256
6272	320
6272	384
6272	448
6336	0
6336	64
6336	128
6336	192
6336	256
6336	320
6336	384
6336	448
6400	0
6400	64
6400	128
6400	192
6400	256
6400	320
6400	384
6400	448
6464	0
6464	64
6464	128
6464	192
6464	256
6464	320
6464	384
6464	448
6528	0
6528	64
6528	128
6528	192
6528	256
6528	320
6528	384
6528	448
6592	0
6592	64
6592	128
6592	192
6592	256
6592	320
6592	384
6592	448
6656	0
6656	64
6656	128
6656	192
6656	256
6656	320
6656	384
6656	448
6720	0
6720	64
6720	128
6720	192
6720	256
6720	320
6720	384
6720	448
6784	0
6784	64
6784	128
6784	192
6784	256
6784	320
6784	384
6784	448
6848	0
6848	64
6848	128
6848	192
6848	256
6848	320
6848	384
6848	448
6912	0
6912	64
6912	128
6912	192
6912	256
6912	320
6912	384
6912	448
6976	0
6976	64
6976	128
6976	192
6976	256
6976	320
6976	384
6976	448
7040	0
7040	64
7040	128
7040	192
7040	256
7040	320
7040	384
7040	448
7104	0
7104	64
7104	128
7104	192
7104	256
7104	320
7104	384
7104	448
7168	0
7168	64
7168	128
7168	192
7168	256
7168	320
7168	384
7168	448
7232	0
7232	64
7232	128
7232	192
7232	256
7232	320
7232	384
7232	448
7296	0
7296	64
7296	128
7296	192
7296	256
7296	320
7296	384
7296	448
7360	0
7360	64
7360	128
7360	192
7360	256
7360	320
7360	384
7360	448
7424	0
7424	64
7424	128
7424	192
7424	256
7424	320
7424	384
7424	448
7488	0
7488	64
7488	128
7488	192
7488	256
7488	320
7488	384
7488	448
7552	0
7552	64
7552	128
7552	192
7552	256
7552	320
7552	384
7552	448
7616	0
7616	64
7616	128
7616	192
7616	256
7616	320
7616	384
7616	448
7680	0
7680	64
7680	128
7680	192
7680	256
7680	320
7680	384
7680	448
7744	0
7744	64
7744	128
7744	192
7744	256
7744	320
7744	384
7744	448
7808	0
7808	64
7808	128
7808	192
7808	256
7808	320
7808	384
7808	448
7872	0
7872	64
7872	128
7872	192
7872	256
7872	320
7872	384
7872	448
7936	0
7936	64
7936	128
7936	192
7936	256
7936	320
7936	384
7936	448
8000	0
8000	64
8000	128
8000	192
8000	256
8000	320
8000	384
8000	448
8064	0
8064	64
8064	128
8064	192
8064	256
8064	320
8064	384
8064	448
8128	0
8128	64
8128	128
8128	192
8128	256
8128	320
8128	384
8128	448
8192	0
8192	64
8192	128
8192	192
8192	256
8192	320
8192	384
8192	448
8256	0
8256	64
8256	128
8256	192
8256	256
8256	320
8256	384
8256	448
8320	0
8320	64
8320	128
8320	192
8320	256
8320	320
8320	384
8320	448
8384	0
8384	64
8384	128
8384	192
8384	256
8384	320
8384	384
8384	448
8448	0
8448	64
8448	128
8448	192
8448	256
8448	320
8448	384
8448	448
8512	0
8512	64
8512	128
8512	192
8512	256
8512	320
8512	384
8512	448
8576	0
8576	64
8576	128
8576	192
8576	256
8576	320
8576	384
8576	448
8640	0
8640	64
8640	128
8640	192
8640	256
8640	320
8640	384
8640	448
8704	0
8704	64
8704	128
8704	192
8704	256
8704	320
8704	384
8704	448
8768	0
8768	64
8768	128
8768	192
8768	256
8768	320
8768	384
8768	448
8832	0
8832	64
8832	128
8832	192
8832	256
8832	320
8832	384
8832	448
8896	0
8896	64
8896	128
8896	192
8896	256
8896	320
8896	384
8896	448
8960	0
8960	64
8960	128
8960	192
8960	256
8960	320
8960	384
8960	448
9024	0
9024	64
9024	128
9024	192
9024	256
9024	320
9024	384
9024	448
9088	0
9088	64
9088	128
9088	192
9088	256
9088	320
9088	384
9088	448
9152	0
9152	64
9152	128
9152	192
9152	256
9152	320
9152	384
9152	448
9216	0
9216	64
9216	128
9216	192
9216	256
9216	320
9216	384
9216	448
9280	0
9280	64
9280	128
9280	192
9280	256
9280	320
9280	384
9280	448
9344	0
9344	64
9344	128
9344	192
9344	256
9344	320
9344	384
9344	448
9408	0
9408	64
9408	128
9408	192
9408	256
9408	320
9408	384
9408	448
9472	0
9472	64
9472	128
9472	192
9472	256
9472	320
9472	384
9472	448
9536	0
9536	64
9536	128
9536	192
9536	256
9536	320
9536	384
9536	448
9600	0
9600	64
9600	128
9600	192
9600	256
9600	320
9600	384
9600	448
9664	0
9664	64
9664	128
9664	192
9664	256
9664	320
9664	384
9664	448
9728	0
9728	64
9728	128
9728	192
9728	256
9728	320
9728	384
9728	448
9792	0
9792	64
9792	128
9792	192
9792	256
9792	320
9792	384
9792	448
9856	0
9856	64
9856	128
9856	192
9856	256
9856	320
9856	384
9856	448
9920	0
9920	64
9920	128
9920	192
9920	256
9920	320
9920	384
9920	448
9984	0
9984	64
9984	128
9984	192
9984	256
9984	320
9984	384
9984	448
10048	0
10048	64
10048	128
10048	192
10048	256
10048	320
10048	384
10048	448
10112	0
10112	64
10112	128
10112	192
10112	256
10112	320
10112	384
10112	448
10176	0
10176	64
10176	128
10176	192
10176	256
10176	320
10176	384
10176	448
10240	0
10240	64
10240	128
10240	192
10240	256
10240	320
10240	384
10240	448
10304	0
10304	64
10304	128
10304	192
10304	256
10304	320
10304	384
10304	448
10368	0
10368	64
10368	128
10368	192
10368	256
10368	320
10368	384
10368	448
10432	0
10432	64
10432	128
10432	192
10432	256
10432	320
10432	384
10432	448
10496	0
10496	64
10496	128
10496	192
10496	256
10496	320
10496	384
10496	448
10560	0
10560	64
10560	128
10560	192
10560	256
10560	320
10560	384
10560	448
10624	0
10624	64
10624	128
10624	192
10624	256
10624	320
10624	384
10624	448
10688	0
10688	64
10688	128
10688	192
10688	256
10688	320
10688	384
10688	448
10752	0
10752	64
10752	128
10752	192
10752	256
10752	320
10752	384
10752	448
10816	0
10816	64
10816	128
10816	192
10816	256
10816	320
10816	384
10816	448
10880	0
10880	64
10880	128
10880	192
10880	256
10880	320
10880	384
10880	448
10944	0
10944	64
10944	128
10944	192
10944	256
10944	320
10944	384
10944	448
11008	0
11008	64
11008	128
11008	192
11008	256
11008	320
11008	384
11008	448
11072	0
11072	64
11072	128
11072	192
11072	256
11072	320
11072	384
11072	448
11136	0
11136	64
11136	128
11136	192
11136	256
11136	320
11136	384
11136	448
11200	0
11200	64
11200	128
11200	192
11200	256
11200	320
11200	384
11200	448
11264	0
11264	64
11264	128
11264	192
11264	256
11264	320
11264	384
11264	448
11328	0
11328	64
11328	128
11328	192
11328	256
11328	320
11328	384
11328	448
11392	0
11392	64
11392	128
11392	192
11392	256
11392	320
11392	384
11392	448
11456	0
11456	64
11456	128
11456	192
11456	256
11456	320
11456	384
11456	448
11520	0
11520	64
11520	128
11520	192
11520	256
11520	320
11520	384
11520	448
11584	0
11584	64
11584	128
11584	192
11584	256
11584	320
11584	384
11584	448
11648	0
11648	64
11648	128
11648	192
11648	256
11648	320
11648	384
11648	448
11712	0
11712	64
11712	128
11712	192
11712	256
11712	320
11712	384
11712	448
11776	0
11776	64
11776	128
11776	192
11776	256
11776	320
11776	384
11776	448
11840	0
11840	64
11840	128
11840	192
11840	256
11840	320
11840	384
11840	448
11904	0
11904	64
11904	128
11904	192
11904	256
11904	320
11904	384
11904	448
11968	0
11968	64
11968	128
11968	192
11968	256
11968	320
11968	384
11968	448
12032	0
12032	64
12032	128
12032	192
12032	256
12032	320
12032	384
12032	448
12096	0
12096	64
12096	128
12096	192
12096	256
12096	320
12096	384
12096	448
12160	0
12160	64
12160	128
12160	192
12160	256
12160	320
12160	384
12160	448
12224	0
12224	64
12224	128
12224	192
12224	256
12224	320
12224	384
12224	448
12288	0
12288	64
12288	128
12288	192
12288	256
12288	320
12288	384
12288	448
12352	0
12352	64
12352	128
12352	192
12352	256
12352	320
12352	384
12352	448
12416	0
12416	64
12416	128
12416	192
12416	256
12416	320
12416	384
12416	448
12480	0
12480	64
12480	128
12480	192
12480	256
12480	320
12480	384
12480	448
12544	0
12544	64
12544	128
12544	192
12544	256
12544	320
12544	384
12544	448
12608	0
12608	64
12608	128
12608	192
12608	256
12608	320
12608	384
12608	448
12672	0
12672	64
12672	128
12672	192
12672	256
12672	320
12672	384
12672	448
12736	0
12736	64
12736	128
12736	192
12736	256
12736	320
12736	384
12736	448
12800	0
12800	64
12800	128
12800	192
12800	256
12800	320
12800	384
12800	448
12864	0
12864	64
12864	128
12864	192
12864	256
12864	320
12864	384
12864	448
12928	0
12928	64
12928	128
12928	192
12928	256
12928	320
12928	384
12928	448
12992	0
12992	64
12992	128
12992	192
12992	256
12992	320
12992	384
12992	448
13056	0
13056	64
13056	128
13056	192
13056	256
13056	320
13056	384
13056	448
13120	0
13120	64
13120	128
13120	192
13120	256
13120	320
13120	384
13120	448
13184	0
13184	64
13184	128
13184	192
13184	256
13184	320
13184	384
13184	448
13248	0
13248	64
13248	128
13248	192
13248	256
13248	320
13248	384
13248	448
13312	0
13312	64
13312	128
13312	192
13312	256
13312	320
13312	384
13312	448
13376	0
13376	64
13376	128
13376	192
13376	256
13376	320
13376	384
13376	448
13440	0
13440	64
13440	128
13440	192
13440	256
13440	320
13440	384
13440	448
13504	0
13504	64
13504	128
13504	192
13504	256
13504	320
13504	384
13504	448
13568	0
13568	64
13568	128
13568	192
13568	256
13568	320
13568	384
13568	448
13632	0
13632	64
13632	128
13632	192
13632	256
13632	320
13632	384
13632	448
13696	0
13696	64
13696	128
13696	192
13696	256
13696	320
13696	384
13696	448
13760	0
13760	64
13760	128
13760	192
13760	256
13760	320
13760	384
13760	448
13824	0
13824	64
13824	128
13824	192
13824	256
13824	320
13824	384
13824	448
13888	0
13888	64
13888	128
13888	192
13888	256
13888	320
13888	384
13888	448
13952	0
13952	64
13952	128
13952	192
13952	256
13952	320
13952	384
13952	448
14016	0
14016	64
14016	128
14016	192
14016	256
14016	320
14016	384
14016	448
14080	0
14080	64
14080	128
14080	192
14080	256
14080	320
14080	384
14080	448
14144	0
14144	64
14144	128
14144	192
14144	256
14144	320
14144	384
14144	448
14208	0
14208	64
14208	128
14208	192
14208	256
14208	320
14208	384
14208	448
14272	0
14272	64
14272	128
14272	192
14272	256
14272	320
14272	384
14272	448
14336	0
14336	64
14336	128
14336	192
14336	256
14336	320
14336	384
14336	448
14400	0
14400	64
14400	128
14400	192
14400	256
14400	320
14400	384
14400	448
14464	0
14464	64
14464	128
14464	192
14464	256
14464	320
14464	384
14464	448
14528	0
14528	64
14528	128
14528	192
14528	256
14528	320
14528	384
14528	448
14592	0
14592	64
14592	128
14592	192
14592	256
14592	320
14592	384
14592	448
14656	0
14656	64
14656	128
14656	192
14656	256
14656	320
14656	384
14656	448
14720	0
14720	64
14720	128
14720	192
14720	256
14720	320
14720	384
14720	448
14784	0
14784	64
14784	128
14784	192
14784	256
14784	320
14784	384
14784	448
14848	0
14848	64
14848	128
14848	192
14848	256
14848	320
14848	384
14848	448
14912	0
14912	64
14912	128
14912	192
14912	256
14912	320
14912	384
14912	448
14976	0
14976	64
14976	128
14976	192
14976	256
14976	320
14976	384
14976	448
15040	0
15040	64
15040	128
15040	192
15040	256
15040	320
15040	384
15040	448
15104	0
15104	64
15104	128
15104	192
15104	256
15104	320
15104	384
15104	448
15168	0
15168	64
15168	128
15168	192
15168	256
15168	320
15168	384
15168	448
15232	0
15232	64
15232	128
15232	192
15232	256
15232	320
15232	384
15232	448
15296	0
15296	64
15296	128
15296	192
15296	256
15296	320
15296	384
15296	448
15360	0
15360	64
15360	128
15360	192
15360	256
15360	320
15360	384
15360	448
15424	0
15424	64
15424	128
15424	192
15424	256
15424	320
15424	384
15424	448
15488	0
15488	64
15488	128
15488	192
15488	256
15488	320
15488	384
15488	448
15552	0
15552	64
15552	128
15552	192
15552	256
15552	320
15552	384
15552	448
15616	0
15616	64
15616	128
15616	192
15616	256
15616	320
15616	384
15616	448
15680	0
15680	64
15680	128
15680	192
15680	256
15680	320
15680	384
15680	448
15744	0
15744	64
15744	128
15744	192
15744	256
15744	320
15744	384
15744	448
15808	0
15808	64
15808	128
15808	192
15808	256
15808	320
15808	384
15808	448
15872	0
15872	64
15872	128
15872	192
15872	256
15872	320
15872	384
15872	448
15936	0
15936	64
15936	128
15936	192
15936	256
15936	320
15936	384
15936	448
16000	0
16000	64
16000	128
16000	192
16000	256
16000	320
16000	384
16000	448
16064	0
16064	64
16064	128
16064	192
16064	256
16064	320
16064	384
16064	448
16128	0
16128	64
16128	128
16128	192
16128	256
16128	320
16128	384
16128	448
16192	0
16192	64
16192	128
16192	192
16192	256
16192	320
16192	384
16192	448
16256	0
16256	64
16256	128
16256	192
16256	256
16256	320
16256	384
16256	448
16320	0
16320	64
16320	128
16320	192
16320	256
16320	320
16320	384
16320	448
16384	0
16384	64
16384	128
16384	192
16384	256
16384	320
16384	384
16384	448
16448	0
16448	64
16448	128
16448	192
16448	256
16448	320
16448	384
16448	448
16512	0
16512	64
16512	128
16512	192
16512	256
16512	320
16512	384
16512	448
16576	0
16576	64
16576	128
16576	192
16576	256
16576	320
16576	384
16576	448
16640	0
16640	64
16640	128
16640	192
16640	256
16640	320
16640	384
16640	448
16704	0
16704	64
16704	128
16704	192
16704	256
16704	320
16704	384
16704	448
16768	0
16768	64
16768	128
16768	192
16768	256
16768	320
16768	384
16768	448
16832	0
16832	64
16832	128
16832	192
16832	256
16832	320
16832	384
16832	448
16896	0
16896	64
16896	128
16896	192
16896	256
16896	320
16896	384
16896	448
16960	0
16960	64
16960	128
16960	192
16960	256
16960	320
16960	384
16960	448
17024	0
17024	64
17024	128
17024	192
17024	256
17024	320
17024	384
17024	448
17088	0
17088	64
17088	128
17088	192
17088	256
17088	320
17088	384
17088	448
17152	0
17152	64
17152	128
17152	192
17152	256
17152	320
17152	384
17152	448
17216	0
17216	64
17216	128
17216	192
17216	256
17216	320
17216	384
17216	448
17280	0
17280	64
17280	128
17280	192
17280	256
17280	320
17280	384
17280	448
17344	0
17344	64
17344	128
17344	192
17344	256
17344	320
17344	384
17344	448
17408	0
17408	64
17408	128
17408	192
17408	256
17408	320
17408	384
17408	448
17472	0
17472	64
17472	128
17472	192
17472	256
17472	320
17472	384
17472	448
17536	0
17536	64
17536	128
17536	192
17536	256
17536	320
17536	384
17536	448
17600	0
17600	64
17600	128
17600	192
17600	256
17600	320
17600	384
17600	448
17664	0
17664	64
17664	128
17664	192
17664	256
17664	320
17664	384
17664	448
17728	0
17728	64
17728	128
17728	192
17728	256
17728	320
17728	384
17728	448
17792	0
17792	64
17792	128
17792	192
17792	256
17792	320
17792	384
17792	448
17856	0
17856	64
17856	128
17856	192
17856	256
17856	320
17856	384
17856	448
17920	0
17920	64
17920	128
17920	192
17920	256
17920	320
17920	384
17920	448
17984	0
17984	64
17984	128
17984	192
17984	256
17984	320
17984	384
17984	448
18048	0
18048	64
18048	128
18048	192
18048	256
18048	320
18048	384
18048	448
18112	0
18112	64
18112	128
18112	192
18112	256
18112	320
18112	384
18112	448
18176	0
18176	64
18176	128
18176	192
18176	256
18176	320
18176	384
18176	448
18240	0
18240	64
18240	128
18240	192
18240	256
18240	320
18240	384
18240	448
18304	0
18304	64
18304	128
18304	192
18304	256
18304	320
18304	384
18304	448
18368	0
18368	64
18368	128
18368	192
18368	256
18368	320
18368	384
18368	448
18432	0
18432	64
18432	128
18432	192
18432	256
18432	320
18432	384
18432	448
18496	0
18496	64
18496	128
18496	192
18496	256
18496	320
18496	384
18496	448
18560	0
18560	64
18560	128
18560	192
18560	256
18560	320
18560	384
18560	448
18624	0
18624	64
18624	128
18624	192
18624	256
18624	320
18624	384
18624	448
18688	0
18688	64
18688	128
18688	192
18688	256
18688	320
18688	384
18688	448
18752	0
18752	64
18752	128
18752	192
18752	256
18752	320
18752	384
18752	448
18816	0
18816	64
18816	128
18816	192
18816	256
18816	320
18816	384
18816	448
18880	0
18880	64
18880	128
18880	192
18880	256
18880	320
18880	384
18880	448
18944	0
18944	64
18944	128
18944	192
18944	256
18944	320
18944	384
18944	448
19008	0
19008	64
19008	128
19008	192
19008	256
19008	320
19008	384
19008	448
19072	0
19072	64
19072	128
19072	192
19072	256
19072	320
19072	384
19072	448
19136	0
19136	64
19136	128
19136	192
19136	256
19136	320
19136	384
19136	448
19200	0
19200	64
19200	128
19200	192
19200	256
19200	320
19200	384
19200	448
19264	0
19264	64
19264	128
19264	192
19264	256
19264	320
19264	384
19264	448
19328	0
19328	64
19328	128
19328	192
19328	256
19328	320
19328	384
19328	448
19392	0
19392	64
19392	128
19392	192
19392	256
19392	320
19392	384
19392	448
19456	0
19456	64
19456	128
19456	192
19456	256
19456	320
19456	384
19456	448
19520	0
19520	64
19520	128
19520	192
19520	256
19520	320
19520	384
19520	448
19584	0
19584	64
19584	128
19584	192
19584	256
19584	320
19584	384
19584	448
19648	0
19648	64
19648	128
19648	192
19648	256
19648	320
19648	384
19648	448
19712	0
19712	64
19712	128
19712	192
19712	256
19712	320
19712	384
19712	448
19776	0
19776	64
19776	128
19776	192
19776	256
19776	320
19776	384
19776	448
19840	0
19840	64
19840	128
19840	192
19840	256
19840	320
19840	384
19840	448
19904	0
19904	64
19904	128
19904	192
19904	256
19904	320
19904	384
19904	448
19968	0
19968	64
19968	128
19968	192
19968	256
19968	320
19968	384
19968	448
20032	0
20032	64
20032	128
20032	192
20032	256
20032	320
20032	384
20032	448
20096	0
20096	64
20096	128
20096	192
20096	256
20096	320
20096	384
20096	448
20160	0
20160	64
20160	128
20160	192
20160	256
20160	320
20160	384
20160	448
20224	0
20224	64
20224	128
20224	192
20224	256
20224	320
20224	384
20224	448
20288	0
20288	64
20288	128
20288	192
20288	256
20288	320
20288	384
20288	448
20352	0
20352	64
20352	128
20352	192
20352	256
20352	320
20352	384
20352	448
20416	0
20416	64
20416	128
20416	192
20416	256
20416	320
20416	384
20416	448
20480	0
20480	64
20480	128
20480	192
20480	256
20480	320
20480	384
20480	448
20544	0
20544	64
20544	128
20544	192
20544	256
20544	320
20544	384
20544	448
20608	0
20608	64
20608	128
20608	192
20608	256
20608	320
20608	384
20608	448
20672	0
20672	64
20672	128
20672	192
20672	256
20672	320
20672	384
20672	448
20736	0
20736	64
20736	128
20736	192
20736	256
20736	320
20736	384
20736	448
20800	0
20800	64
20800	128
20800	192
20800	256
20800	320
20800	384
20800	448
20864	0
20864	64
20864	128
20864	192
20864	256
20864	320
20864	384
20864	448
20928	0
20928	64
20928	128
20928	192
20928	256
20928	320
20928	384
20928	448
20992	0
20992	64
20992	128
20992	192
20992	256
20992	320
20992	384
20992	448
21056	0
21056	64
21056	128
21056	192
21056	256
21056	320
21056	384
21056	448
21120	0
21120	64
21120	128
21120	192
21120	256
21120	320
21120	384
21120	448
21184	0
21184	64
21184	128
21184	192
21184	256
21184	320
21184	384
21184	448
21248	0
21248	64
21248	128
21248	192
21248	256
21248	320
21248	384
21248	448
21312	0
21312	64
21312	128
21312	192
21312	256
21312	320
21312	384
21312	448
21376	0
21376	64
21376	128
21376	192
21376	256
21376	320
21376	384
21376	448
21440	0
21440	64
21440	128
21440	192
21440	256
21440	320
21440	384
21440	448
21504	0
21504	64
21504	128
21504	192
21504	256
21504	320
21504	384
21504	448
21568	0
21568	64
21568	128
21568	192
21568	256
21568	320
21568	384
21568	448
21632	0
21632	64
21632	128
21632	192
21632	256
21632	320
21632	384
21632	448
21696	0
21696	64
21696	128
21696	192
21696	256
21696	320
21696	384
21696	448
21760	0
21760	64
21760	128
21760	192
21760	256
21760	320
21760	384
21760	448
21824	0
21824	64
21824	128
21824	192
21824	256
21824	320
21824	384
21824	448
21888	0
21888	64
21888	128
21888	192
21888	256
21888	320
21888	384
21888	448
21952	0
21952	64
21952	128
21952	192
21952	256
21952	320
21952	384
21952	448
22016	0
22016	64
22016	128
22016	192
22016	256
22016	320
22016	384
22016	448
22080	0
22080	64
22080	128
22080	192
22080	256
22080	320
22080	384
22080	448
22144	0
22144	64
22144	128
22144	192
22144	256
22144	320
22144	384
22144	448
22208	0
22208	64
22208	128
22208	192
22208	256
22208	320
22208	384
22208	448
22272	0
22272	64
22272	128
22272	192
22272	256
22272	320
22272	384
22272	448
22336	0
22336	64
22336	128
22336	192
22336	256
22336	320
22336	384
22336	448
22400	0
22400	64
22400	128
22400	192
22400	256
22400	320
22400	384
22400	448
22464	0
22464	64
22464	128
22464	192
22464	256
22464	320
22464	384
22464	448
22528	0
22528	64
22528	128
22528	192
22528	256
22528	320
22528	384
22528	448
22592	0
22592	64
22592	128
22592	192
22592	256
22592	320
22592	384
22592	448
22656	0
22656	64
22656	128
22656	192
22656	256
22656	320
22656	384
22656	448
22720	0
22720	64
22720	128
22720	192
22720	256
22720	320
22720	384
22720	448
22784	0
22784	64
22784	128
22784	192
22784	256
22784	320
22784	384
22784	448
22848	0
22848	64
22848	128
22848	192
22848	256
22848	320
22848	384
22848	448
22912	0
22912	64
22912	128
22912	192
22912	256
22912	320
22912	384
22912	448
22976	0
22976	64
22976	128
22976	192
22976	256
22976	320
22976	384
22976	448
23040	0
23040	64
23040	128
23040	192
23040	256
23040	320
23040	384
23040	448
23104	0
23104	64
23104	128
23104	192
23104	256
23104	320
23104	384
23104	448
23168	0
23168	64
23168	128
23168	192
23168	256
23168	320
23168	384
23168	448
23232	0
23232	64
23232	128
23232	192
23232	256
23232	320
23232	384
23232	448
23296	0
23296	64
23296	128
23296	192
23296	256
23296	320
23296	384
23296	448
23360	0
23360	64
23360	128
23360	192
23360	256
23360	320
23360	384
23360	448
23424	0
23424	64
23424	128
23424	192
23424	256
23424	320
23424	384
23424	448
23488	0
23488	64
23488	128
23488	192
23488	256
23488	320
23488	384
23488	448
23552	0
23552	64
23552	128
23552	192
23552	256
23552	320
23552	384
23552	448
23616	0
23616	64
23616	128
23616	192
23616	256
23616	320
23616	384
23616	448
23680	0
23680	64
23680	128
23680	192
23680	256
23680	320
23680	384
23680	448
23744	0
23744	64
23744	128
23744	192
23744	256
23744	320
23744	384
23744	448
23808	0
23808	64
23808	128
23808	192
23808	256
23808	320
23808	384
23808	448
23872	0
23872	64
23872	128
23872	192
23872	256
23872	320
23872	384
23872	448
23936	0
23936	64
23936	128
23936	192
23936	256
23936	320
23936	384
23936	448
24000	0
24000	64
24000	128
24000	192
24000	256
24000	320
24000	384
24000	448
24064	0
24064	64
24064	128
24064	192
24064	256
24064	320
24064	384
24064	448
24128	0
24128	64
24128	128
24128	192
24128	256
24128	320
24128	384
24128	448
24192	0
24192	64
24192	128
24192	192
24192	256
24192	320
24192	384
24192	448
24256	0
24256	64
24256	128
24256	192
24256	256
24256	320
24256	384
24256	448
24320	0
24320	64
24320	128
24320	192
24320	256
24320	320
24320	384
24320	448
24384	0
24384	64
24384	128
24384	192
24384	256
24384	320
24384	384
24384	448
24448	0
24448	64
24448	128
24448	192
24448	256
24448	320
24448	384
24448	448
24512	0
24512	64
24512	128
24512	192
24512	256
24512	320
24512	384
24512	448
24576	0
24576	64
24576	128
24576	192
24576	256
24576	320
24576	384
24576	448
24640	0
24640	64
24640	128
24640	192
24640	256
24640	320
24640	384
24640	448
24704	0
24704	64
24704	128
24704	192
24704	256
24704	320
24704	384
24704	448
24768	0
24768	64
24768	128
24768	192
24768	256
24768	320
24768	384
24768	448
24832	0
24832	64
24832	128
24832	192
24832	256
24832	320
24832	384
24832	448
24896	0
24896	64
24896	128
24896	192
24896	256
24896	320
24896	384
24896	448
24960	0
24960	64
24960	128
24960	192
24960	256
24960	320
24960	384
24960	448
25024	0
25024	64
25024	128
25024	192
25024	256
25024	320
25024	384
25024	448
25088	0
25088	64
25088	128
25088	192
25088	256
25088	320
25088	384
25088	448
25152	0
25152	64
25152	128
25152	192
25152	256
25152	320
25152	384
25152	448
25216	0
25216	64
25216	128
25216	192
25216	256
25216	320
25216	384
25216	448
25280	0
25280	64
25280	128
25280	192
25280	256
25280	320
25280	384
25280	448
25344	0
25344	64
25344	128
25344	192
25344	256
25344	320
25344	384
25344	448
25408	0
25408	64
25408	128
25408	192
25408	256
25408	320
25408	384
25408	448
25472	0
25472	64
25472	128
25472	192
25472	256
25472	320
25472	384
25472	448
25536	0
25536	64
25536	128
25536	192
25536	256
25536	320
25536	384
25536	448
25600	0
25600	64
25600	128
25600	192
25600	256
25600	320
25600	384
25600	448
25664	0
25664	64
25664	128
25664	192
25664	256
25664	320
25664	384
25664	448
25728	0
25728	64
25728	128
25728	192
25728	256
25728	320
25728	384
25728	448
25792	0
25792	64
25792	128
25792	192
25792	256
25792	320
25792	384
25792	448
25856	0
25856	64
25856	128
25856	192
25856	256
25856	320
25856	384
25856	448
25920	0
25920	64
25920	128
25920	192
25920	256
25920	320
25920	384
25920	448
25984	0
25984	64
25984	128
25984	192
25984	256
25984	320
25984	384
25984	448
26048	0
26048	64
26048	128
26048	192
26048	256
26048	320
26048	384
26048	448
26112	0
26112	64
26112	128
26112	192
26112	256
26112	320
26112	384
26112	448
26176	0
26176	64
26176	128
26176	192
26176	256
26176	320
26176	384
26176	448
26240	0
26240	64
26240	128
26240	192
26240	256
26240	320
26240	384
26240	448
26304	0
26304	64
26304	128
26304	192
26304	256
26304	320
26304	384
26304	448
26368	0
26368	64
26368	128
26368	192
26368	256
26368	320
26368	384
26368	448
26432	0
26432	64
26432	128
26432	192
26432	256
26432	320
26432	384
26432	448
26496	0
26496	64
26496	128
26496	192
26496	256
26496	320
26496	384
26496	448
26560	0
26560	64
26560	128
26560	192
26560	256
26560	320
26560	384
26560	448
26624	0
26624	64
26624	128
26624	192
26624	256
26624	320
26624	384
26624	448
26688	0
26688	64
26688	128
26688	192
26688	256
26688	320
26688	384
26688	448
26752	0
26752	64
26752	128
26752	192
26752	256
26752	320
26752	384
26752	448
26816	0
26816	64
26816	128
26816	192
26816	256
26816	320
26816	384
26816	448
26880	0
26880	64
26880	128
26880	192
26880	256
26880	320
26880	384
26880	448
26944	0
26944	64
26944	128
26944	192
26944	256
26944	320
26944	384
26944	448
27008	0
27008	64
27008	128
27008	192
27008	256
27008	320
27008	384
27008	448
27072	0
27072	64
27072	128
27072	192
27072	256
27072	320
27072	384
27072	448
27136	0
27136	64
27136	128
27136	192
27136	256
27136	320
27136	384
27136	448
27200	0
27200	64
27200	128
27200	192
27200	256
27200	320
27200	384
27200	448
27264	0
27264	64
27264	128
27264	192
27264	256
27264	320
27264	384
27264	448
27328	0
27328	64
27328	128
27328	192
27328	256
27328	320
27328	384
27328	448
27392	0
27392	64
27392	128
27392	192
27392	256
27392	320
27392	384
27392	448
27456	0
27456	64
27456	128
27456	192
27456	256
27456	320
27456	384
27456	448
27520	0
27520	64
27520	128
27520	192
27520	256
27520	320
27520	384
27520	448
27584	0
27584	64
27584	128
27584	192
27584	256
27584	320
27584	384
27584	448
27648	0
27648	64
27648	128
27648	192
27648	256
27648	320
27648	384
27648	448
27712	0
27712	64
27712	128
27712	192
27712	256
27712	320
27712	384
27712	448
27776	0
27776	64
27776	128
27776	192
27776	256
27776	320
27776	384
27776	448
27840	0
27840	64
27840	128
27840	192
27840	256
27840	320
27840	384
27840	448
27904	0
27904	64
27904	128
27904	192
27904	256
27904	320
27904	384
27904	448
27968	0
27968	64
27968	128
27968	192
27968	256
27968	320
27968	384
27968	448
28032	0
28032	64
28032	128
28032	192
28032	256
28032	320
28032	384
28032	448
28096	0
28096	64
28096	128
28096	192
28096	256
28096	320
28096	384
28096	448
28160	0
28160	64
28160	128
28160	192
28160	256
28160	320
28160	384
28160	448
28224	0
28224	64
28224	128
28224	192
28224	256
28224	320
28224	384
28224	448
28288	0
28288	64
28288	128
28288	192
28288	256
28288	320
28288	384
28288	448
28352	0
28352	64
28352	128
28352	192
28352	256
28352	320
28352	384
28352	448
28416	0
28416	64
28416	128
28416	192
28416	256
28416	320
28416	384
28416	448
28480	0
28480	64
28480	128
28480	192
28480	256
28480	320
28480	384
28480	448
28544	0
28544	64
28544	128
28544	192
28544	256
28544	320
28544	384
28544	448
28608	0
28608	64
28608	128
28608	192
28608	256
28608	320
28608	384
28608	448
28672	0
28672	64
28672	128
28672	192
28672	256
28672	320
28672	384
28672	448
28736	0
28736	64
28736	128
28736	192
28736	256
28736	320
28736	384
28736	448
28800	0
28800	64
28800	128
28800	192
28800	256
28800	320
28800	384
28800	448
28864	0
28864	64
28864	128
28864	192
28864	256
28864	320
28864	384
28864	448
28928	0
28928	64
28928	128
28928	192
28928	256
28928	320
28928	384
28928	448
28992	0
28992	64
28992	128
28992	192
28992	256
28992	320
28992	384
28992	448
29056	0
29056	64
29056	128
29056	192
29056	256
29056	320
29056	384
29056	448
29120	0
29120	64
29120	128
29120	192
29120	256
29120	320
29120	384
29120	448
29184	0
29184	64
29184	128
29184	192
29184	256
29184	320
29184	384
29184	448
29248	0
29248	64
29248	128
29248	192
29248	256
29248	320
29248	384
29248	448
29312	0
29312	64
29312	128
29312	192
29312	256
29312	320
29312	384
29312	448
29376	0
29376	64
29376	128
29376	192
29376	256
29376	320
29376	384
29376	448
29440	0
29440	64
29440	128
29440	192
29440	256
29440	320
29440	384
29440	448
29504	0
29504	64
29504	128
29504	192
29504	256
29504	320
29504	384
29504	448
29568	0
29568	64
29568	128
29568	192
29568	256
29568	320
29568	384
29568	448
29632	0
29632	64
29632	128
29632	192
29632	256
29632	320
29632	384
29632	448
29696	0
29696	64
29696	128
29696	192
29696	256
29696	320
29696	384
29696	448
29760	0
29760	64
29760	128
29760	192
29760	256
29760	320
29760	384
29760	448
29824	0
29824	64
29824	128
29824	192
29824	256
29824	320
29824	384
29824	448
29888	0
29888	64
29888	128
29888	192
29888	256
29888	320
29888	384
29888	448
29952	0
29952	64
29952	128
29952	192
29952	256
29952	320
29952	384
29952	448
30016	0
30016	64
30016	128
30016	192
30016	256
30016	320
30016	384
30016	448
30080	0
30080	64
30080	128
30080	192
30080	256
30080	320
30080	384
30080	448
30144	0
30144	64
30144	128
30144	192
30144	256
30144	320
30144	384
30144	448
30208	0
30208	64
30208	128
30208	192
30208	256
30208	320
30208	384
30208	448
30272	0
30272	64
30272	128
30272	192
30272	256
30272	320
30272	384
30272	448
30336	0
30336	64
30336	128
30336	192
30336	256
30336	320
30336	384
30336	448
30400	0
30400	64
30400	128
30400	192
30400	256
30400	320
30400	384
30400	448
30464	0
30464	64
30464	128
30464	192
30464	256
30464	320
30464	384
30464	448
30528	0
30528	64
30528	128
30528	192
30528	256
30528	320
30528	384
30528	448
30592	0
30592	64
30592	128
30592	192
30592	256
30592	320
30592	384
30592	448
30656	0
30656	64
30656	128
30656	192
30656	256
30656	320
30656	384
30656	448
30720	0
30720	64
30720	128
30720	192
30720	256
30720	320
30720	384
30720	448
30784	0
30784	64
30784	128
30784	192
30784	256
30784	320
30784	384
30784	448
30848	0
30848	64
30848	128
30848	192
30848	256
30848	320
30848	384
30848	448
30912	0
30912	64
30912	128
30912	192
30912	256
30912	320
30912	384
30912	448
30976	0
30976	64
30976	128
30976	192
30976	256
30976	320
30976	384
30976	448
31040	0
31040	64
31040	128
31040	192
31040	256
31040	320
31040	384
31040	448
31104	0
31104	64
31104	128
31104	192
31104	256
31104	320
31104	384
31104	448
31168	0
31168	64
31168	128
31168	192
31168	256
31168	320
31168	384
31168	448
31232	0
31232	64
31232	128
31232	192
31232	256
31232	320
31232	384
31232	448
31296	0
31296	64
31296	128
31296	192
31296	256
31296	320
31296	384
31296	448
31360	0
31360	64
31360	128
31360	192
31360	256
31360	320
31360	384
31360	448
31424	0
31424	64
31424	128
31424	192
31424	256
31424	320
31424	384
31424	448
31488	0
31488	64
31488	128
31488	192
31488	256
31488	320
31488	384
31488	448
31552	0
31552	64
31552	128
31552	192
31552	256
31552	320
31552	384
31552	448
31616	0
31616	64
31616	128
31616	192
31616	256
31616	320
31616	384
31616	448
31680	0
31680	64
31680	128
31680	192
31680	256
31680	320
31680	384
31680	448
31744	0
31744	64
31744	128
31744	192
31744	256
31744	320
31744	384
31744	448
31808	0
31808	64
31808	128
31808	192
31808	256
31808	320
31808	384
31808	448
31872	0
31872	64
31872	128
31872	192
31872	256
31872	320
31872	384
31872	448
31936	0
31936	64
31936	128
31936	192
31936	256
31936	320
31936	384
31936	448
32000	0
32000	64
32000	128
32000	192
32000	256
32000	320
32000	384
32000	448
32064	0
32064	64
32064	128
32064	192
32064	256
32064	320
32064	384
32064	448
32128	0
32128	64
32128	128
32128	192
32128	256
32128	320
32128	384
32128	448
32192	0
32192	64
32192	128
32192	192
32192	256
32192	320
32192	384
32192	448
32256	0
32256	64
32256	128
32256	192
32256	256
32256	320
32256	384
32256	448
32320	0
32320	64
32320	128
32320	192
32320	256
32320	320
32320	384
32320	448
32384	0
32384	64
32384	128
32384	192
32384	256
32384	320
32384	384
32384	448
32448	0
32448	64
32448	128
32448	192
32448	256
32448	320
32448	384
32448	448
32512	0
32512	64
32512	128
32512	192
32512	256
32512	320
32512	384
32512	448
32576	0
32576	64
32576	128
32576	192
32576	256
32576	320
32576	384
32576	448
32640	0
32640	64
32640	128
32640	192
32640	256
32640	320
32640	384
32640	448
32704	0
32704	64
32704	128
32704	192
32704	256
32704	320
32704	384
32704	448